-11.4494198634698172	-5.4296335096795376	0.0
-9.3299016412491653	-8.8602440028994316	0.0
-12.2834163336645155	-10.0650423504417326	0.0
-10.5522235759029197	-7.2176514810062002	0.0
-8.7447970575567382	-7.5192181603799941	0.0
-13.2902607769117278	-13.1036531367918254	0.0
-9.9797187029255099	-10.6043173285872125	0.0
-13.0700955211129308	-9.5131289875444232	0.0
-10.5865693457578089	-6.2134845706440567	0.0
-17.5345796533336014	-13.2026758322761140	0.0
-9.1513088701418663	-17.5206419995442353	0.0
-9.6264250136929288	-12.2615708395295311	0.0
-6.6400851978451527	-6.3459830151744976	0.0
-11.3034245477034112	-9.0088555236004293	0.0
-10.8687892786997899	-19.2757202461118418	0.0
-13.3887825184495863	-7.3407953669894681	0.0
3.7446908653635393	9.8547561928095551	0.0
-8.7089375139481273	-8.7981415089897776	0.0
-15.3462271461690847	-9.2235373059582635	0.0
-5.3075169676976408	-8.9340163595553026	0.0
-7.1932190603972188	-9.2215194118513573	0.0
-13.0211643505762993	-10.9231409082831448	0.0
-7.7591255042809779	-7.3445709001201251	0.0
-10.2529251159933512	-15.7021662026767217	0.0
-9.9702963864663339	-13.4469433559852352	0.0
-10.2104333889106140	-5.7776102030735998	0.0
-13.2379181908322572	-17.3095912959891791	0.0
-6.9819110594856930	-8.4822540096635333	0.0
-12.1571946930064332	-11.4831425710435298	0.0
-6.6777181461382167	-15.0617810237415242	0.0
-13.9616981291754314	-8.1675470002863531	0.0
-14.6838668923161055	-10.2928558870082423	0.0
-11.7013071312252599	-16.3620127011208005	0.0
-10.6758400184039139	-12.9046975481459310	0.0
-9.1723298758266090	-9.9878142766582041	0.0
-2.7107424369754320	1.8988258393940036	0.0
-10.8964988203648367	-9.0067394101394598	0.0
-13.8844981147302455	-15.7463550725450663	0.0
-5.7598760328269663	-12.1042081642910109	0.0
-15.7872052392199826	-10.8634056435819932	0.0
-5.9475512510717952	-10.7385518336844950	0.0
-19.0371670480113409	-9.6469862999812985	0.0
-9.4532948761943825	-9.9429544351647934	0.0
-11.9844579236389013	-6.1579019708172416	0.0
-16.2078925957720124	-5.4879604633706505	0.0
-11.8003148248214398	-12.5715860978954570	0.0
-19.8087514045612387	-7.8733036244811974	0.0
-4.4890112641581839	-8.3058250038064738	0.0
-6.4578867584732587	-7.9565502659937959	0.0
-18.1470845746519061	3.2078533343694429	0.0
-10.5968863878765767	-8.8505377330740078	0.0
-10.1753912936627486	-16.6018577797718301	0.0
-5.3337166066971893	-8.8967513836951433	0.0
-11.1887743444877987	-14.3869027494210648	0.0
4.2952993971260147	11.7953301792858305	0.0
-13.2196756860903815	-17.3041169896807112	0.0
-6.4847521439776825	-10.0437832494286461	0.0
-14.1271014730788629	-6.3826000029557237	0.0
-15.2253757356489086	-6.9466262320015897	0.0
-7.9033886706762431	-10.4364381675818443	0.0
-15.0337949365666965	-7.0982494736849864	0.0
-13.0859818434916608	-11.1074749396128460	0.0
-15.6478486094781690	-11.2069969508941405	0.0
-10.6283770632863508	-12.2409279119178525	0.0
-6.5194241260657533	-12.2882085513458588	0.0
-13.8943968424291580	-15.7078131663210474	0.0
-10.0461205099015327	-11.7036653316929922	0.0
-17.9868653237270735	-11.1769301012298765	0.0
-15.3472496328060632	-8.5576293640183163	0.0
-12.2229331955218541	-11.7965798567598945	0.0
-12.9206079840339800	-9.4558762087329136	0.0
-6.6750654815379233	-8.1070263529253168	0.0
-17.2018623720704653	-6.9523654163929294	0.0
-17.0763725838089648	-4.1391687546156630	0.0
-12.5515342615652408	-12.2058995535360442	0.0
-12.9396884538387500	11.4230064344209250	0.0
-9.5344657744731425	-7.5275348834263269	0.0
-15.6318586125996326	-9.1144200430892877	0.0
-5.9291936902119948	-7.5275525984853671	0.0
-4.0025377093750301	-9.0272589481295604	0.0
-13.3889210420096099	-14.2705721639987893	0.0
-8.7698826669252750	-11.3329899487176728	0.0
-10.0157367343363841	-8.4220598122740746	0.0
-1.5998714213084511	-7.2544005119789281	0.0
-15.0563343145257988	-5.0588960237612390	0.0
-12.9622222327915164	-10.0796957401559144	0.0
-8.8826702936724526	-6.4583722526113725	0.0
-13.5474029766194644	-13.6771278253106132	0.0
-13.8293609679586105	-11.3420705393445651	0.0
-11.6606216469730484	-16.3416545968734646	0.0
-5.8265145471364761	-9.9810072780169108	0.0
-7.6421738502840446	-17.0627664293589874	0.0
-11.1231233120884081	-11.4639213850570716	0.0
-11.1133989264619117	-8.0195845649465607	0.0
-7.0063761958442150	-10.3737448267486698	0.0
-15.4868599014853316	-14.4331363350888804	0.0
-9.7802915994697113	-10.7832843594068279	0.0
-11.1074311137808657	-13.8953034454503204	0.0
-9.6222477974043557	-13.1313877411433815	0.0
-9.3410581364957945	-12.2038525810076628	0.0
-13.6911994062126325	-8.7262965986963437	0.0
-9.2058249548883406	-17.6000646811691439	0.0
-7.9757705911995247	-9.1028425238393016	0.0
-7.5872437418329701	-11.5353313937457980	0.0
-15.5146360434339634	-11.0283543125179460	0.0
-15.7244828562120578	-10.2460931067835475	0.0
-14.6362858869672401	-8.8580184083216480	0.0
-17.4491524583416258	-5.6523991272158227	0.0
-12.5973703111025976	-15.1406399483149556	0.0
-9.9251539414865277	-9.3609362009638755	0.0
-9.7167262930737195	-13.0925626342744188	0.0
-5.8085532765151315	-12.1842369028590110	0.0
-14.6207572770847847	-12.3729562538449755	0.0
-8.7944020136529080	-13.8283121496975170	0.0
-17.5460027758171790	-9.0188942231435263	0.0
-12.2495545456093247	-5.6605195507135981	0.0
-11.3353391063936613	-7.0284573922434950	0.0
-12.0581323684625303	-7.3655359058750873	0.0
-9.9953309237459429	-10.5068998767245354	0.0
-9.9210689528356344	-8.3476754671016682	0.0
-10.7302089608014430	-7.9763987404854397	0.0
15.2239588497088576	-6.0611820531947265	0.0
-9.8761593946061623	-14.0675167366378560	0.0
-7.7632134490824942	-13.3333490583836589	0.0
-12.3160103734436799	-8.7990100943836946	0.0
-14.8788298356981148	-7.0466068739905552	0.0
-12.9443671709469399	-12.6255812662631630	0.0
-8.6645222677111580	-10.2385173080284257	0.0
-12.1381111607685366	-9.6544094950789159	0.0
-13.2668234100539131	-13.8572913180021366	0.0
-17.5464726890460767	-8.8905338681760284	0.0
-7.9584721774850955	-12.4988048688214768	0.0
-14.5479473834226845	-12.3625444924100663	0.0
-13.0625496946975783	-7.9417802486285654	0.0
-9.2846685715710127	-6.4985671021620446	0.0
-7.6507911730965796	-13.0512216712113958	0.0
10.3450068479246315	-3.8071729051313654	0.0
-10.8982452213569765	-17.6045740255430481	0.0
-11.3497172816612828	-11.0356413325939418	0.0
-13.6738904062996927	-9.3393375522688942	0.0
-6.5898546164935565	-11.2369933776143487	0.0
-8.7323717480197480	-6.4551354006875235	0.0
-14.8392050964402298	-13.6272636591477294	0.0
-14.7706343096778738	-10.6750262695006555	0.0
-11.2903695569898819	-9.3444053506180982	0.0
-8.6823473012837873	-8.4620390893114781	0.0
-12.9306191015620922	-6.5743614654682130	0.0
-10.6437296570254585	-7.6921746764869328	0.0
21.3092153401942994	-3.4772894108101076	0.0
-17.2840944259410172	-13.1210599404783093	0.0
-11.5472324032877776	-14.4371181875836179	0.0
14.3987970257863953	6.9672319979519894	0.0
-11.0951092160477742	-9.9115580398561676	0.0
0.3572301959514371	-9.7833789325332852	0.0
-8.7690005883643529	-13.9463695402286163	0.0
-11.0607761471685606	-13.8431768931644754	0.0
9.9295355365871831	7.2633533491133049	0.0
-8.9187917323978798	-8.3737334344850325	0.0
-15.5811954151334611	-12.4293936182271931	0.0
-11.2822643853450888	-11.0556001223420761	0.0
-8.9847316450346000	-11.8880578973851811	0.0
-10.2209478836473000	-12.0244293484391491	0.0
-11.2070588035031502	-8.2004962221211191	0.0
-18.9707320404857498	-9.5967532676907226	0.0
10.8283330895740679	-3.6510629117505045	0.0
-8.8670295548905766	-9.2749303815394075	0.0
-11.3629222128649729	1.8221833576588127	0.0
15.8680716018041572	15.4763839414578932	0.0
-8.0157551087984782	-15.7177786431619602	0.0
-6.4287272984117552	-8.6932866197950212	0.0
-5.7294563057118149	-16.2494953719724116	0.0
-15.0289827172738999	-13.5567163786758655	0.0
-10.4269545761244444	-12.1668874622603180	0.0
-6.7037651770515554	-8.2225770117309711	0.0
-11.8943148750212355	-12.2841819134170169	0.0
-17.2186210188161581	-13.0911695614242927	0.0
-10.2117534763711557	-15.9621021240980028	0.0
-11.7152074284427918	-8.3131321664606439	0.0
-11.6014221172635619	-6.7348056614607268	0.0
-15.5495186690497409	-14.4923475118837324	0.0
19.7087955079756156	-4.4436395738090084	0.0
-13.7834239965942551	-13.6659408373998446	0.0
-7.9344893372211844	-7.3773255747608122	0.0
-7.2900555825938680	8.2290942019636990	0.0
-16.2677348231411578	-8.1616380663522126	0.0
-6.8861980903728961	-12.1033175331229579	0.0
-12.3844886761467414	-7.9019115760827177	0.0
-8.8279100272243731	-11.0737813003673988	0.0
-8.6947644759050231	-12.9857220835475164	0.0
-16.7592975755720062	-10.5171033308685953	0.0
-13.5775090865233192	-8.8632539906771068	0.0
-7.3800149954643590	-8.9501564139830485	0.0
20.1425318028438909	-6.2207956029798952	0.0
-12.4167586046092477	-18.9770180022390882	0.0
-12.6299599031139635	-10.4967525283327880	0.0
-11.3206651127676103	-9.8924346889139301	0.0
-7.9833489359263368	-8.7101796360152868	0.0
-13.1935497118035592	-10.8196831195665730	0.0
-4.7106045188489940	-11.7670585860113679	0.0
12.6983664389807327	-2.9392962124436335	0.0
18.3135672894261248	0.8698728583169129	1.0
19.0770341166075710	-0.5994902363611626	1.0
12.8543598128782932	3.8372110209438022	1.0
3.7929971101569020	-16.0828658800167332	1.0
16.1848711332707573	4.3034553738282080	1.0
18.0624968560998269	4.5727497873369378	1.0
11.3614679608554408	0.8352441721221311	1.0
13.3159415839570947	11.4049857172812601	1.0
9.1639752369762011	0.6511922009145846	1.0
13.9379549104226630	-2.0663979071906082	1.0
17.2735831983329504	5.9242963339179209	1.0
-13.6043591384693947	9.4008314705547171	1.0
10.6066711017823661	-1.7901002946723097	1.0
14.4894203435277245	-3.3177544710603901	1.0
11.7295962187341907	4.4607194811478417	1.0
16.3255205336152898	0.6746733295682246	1.0
11.3658408238349669	0.7717844641220636	1.0
19.5450235352498112	-4.3430610240374810	1.0
12.1875899738181932	1.7514483541553014	1.0
21.3643176175666625	-1.0735830648376066	1.0
14.7929648298673619	0.1035493616370156	1.0
12.7214318911460147	-0.7229730139102382	1.0
19.5309051746102043	-0.2297212131379202	1.0
4.6981713005959591	-15.2903867973350120	1.0
11.5771495954633394	2.8633804765254318	1.0
14.6673405818832894	-3.2332180880047292	1.0
15.2159219791610187	3.0719963621424857	1.0
17.0327884658688404	-6.8431879170520089	1.0
13.0979663614444863	-4.0565370608883642	1.0
10.4720317729346579	1.4862065847362373	1.0
9.4468128478997357	5.5877218686233343	1.0
13.7194732551051075	6.7880803974327728	1.0
14.1781822581165979	0.8570552956500147	1.0
13.6057894116436433	1.9552271642178607	1.0
19.9748203209118991	3.1689486474311117	1.0
9.3050913018913963	8.6448833944378602	1.0
10.6762217958472316	1.7422064720965991	1.0
17.3939858449404099	4.0829320637955941	1.0
14.7303296464094071	2.2925924584578419	1.0
15.7365213330583611	-1.1591451866886953	1.0
10.1260823301697851	3.3184384976913943	1.0
18.2241955244357534	-0.3639837976580900	1.0
8.5744011392398445	-2.0456116814403011	1.0
14.2209145456002233	4.0606289669735984	1.0
10.1997810570000915	2.6557901609878507	1.0
11.5732808671706255	8.2551110036912814	1.0
11.6341758963914543	9.8650642894696947	1.0
11.4154029110677211	-0.2129855187602274	1.0
20.8215190682532736	4.4691286028507644	1.0
14.0101148912392830	3.1494818933917337	1.0
10.9576435166401414	3.1455440254102864	1.0
9.6694704261339748	4.2233365926746123	1.0
18.0225152905438684	1.0279485599607645	1.0
14.8092659356203615	1.2398677597547414	1.0
14.6188193493285379	-4.6833423567238723	1.0
17.9361072237673653	4.2684915307714242	1.0
14.2853054800566071	3.8942127747766309	1.0
17.4153039595970682	-2.6966192187836713	1.0
12.8620783850601903	-4.4966511612941007	1.0
21.1303814268802590	1.5048370282020311	1.0
15.9409981586097018	-4.5184493634413894	1.0
10.6551221463008581	-1.4536608261566997	1.0
-6.2851021799882112	2.9722953122393321	1.0
14.7986528157168014	-2.4054468779318117	1.0
10.3087290636879629	-1.0110586212682922	1.0
-2.2236311006736549	11.5772548028593363	1.0
-5.9798174425807051	6.9699885319210040	1.0
15.4233209542112739	0.8348827923662019	1.0
17.9447176382997533	-5.4176401731223658	1.0
-2.2314444247321257	-17.1115967830435274	1.0
11.6844054774568651	1.2365359741062265	1.0
17.3019741259609248	-4.0221828731689051	1.0
17.6696902144920713	-2.7001269461210700	1.0
13.8766468553169666	-0.0829023466862479	1.0
18.3797705830748868	2.5084986015772244	1.0
12.2927023019374335	1.2308862953913986	1.0
14.5171784619136872	0.1310927271505123	1.0
14.6949834640471924	-0.7002196025756032	1.0
12.8133193507628604	-0.6570329044634831	1.0
-1.6073983162269601	9.0628064190276767	1.0
19.2421290590098977	-2.3132501989310446	1.0
10.9374420664087566	3.1846154889923004	1.0
13.7615359063507334	0.8675016984510204	1.0
16.0810884993198506	4.0912928606690802	1.0
8.5403602511954482	-1.7968244001448872	1.0
12.0607070263733043	7.0310701897176644	1.0
-7.9182490268404369	2.9894472650358672	1.0
11.2712148125818707	-1.5780179455310277	1.0
10.3453857913787441	1.8038158927285843	1.0
15.5180654550328292	-1.1581602336809100	1.0
14.8857886331226066	2.8463617535858670	1.0
12.9969278455453807	-2.8500958944304782	1.0
13.8864308541925485	4.3456330745471536	1.0
15.3272665734620670	-0.2109866579559619	1.0
10.0774673695983932	7.2517810253381256	1.0
11.0939600618932417	4.5915979596280669	1.0
12.0498937213688269	1.9726315778787367	1.0
16.0369758070499948	5.6377848688211580	1.0
9.2151344203837837	-3.8144823416700064	1.0
16.2605645066609448	3.1884931387547626	1.0
10.1798158602882367	-0.2867748105606128	1.0
14.9204211457068041	0.0435021378721302	1.0
11.9968271467168393	2.7904709459528401	1.0
7.2693097809272631	3.6829483026301713	1.0
17.3449617466589281	-2.5572387932791107	1.0
17.6466553044523664	2.5368044233613998	1.0
15.5602623070098165	-1.2315513612485902	1.0
-0.6792004138356863	20.7242162028823884	1.0
13.4411008036519206	-4.5402842358977162	1.0
11.9326688997301869	2.1964361621226023	1.0
11.1433510957080859	-0.5252349943653295	1.0
11.5490662694309947	4.9197186540747975	1.0
17.2246717220634871	7.3242927594772036	1.0
13.1746101604269015	-0.7042860908012322	1.0
5.8096592600734818	-3.9748014756593570	1.0
12.0508508016244757	0.0489705946484768	1.0
16.2975752265140237	1.8892623187583950	1.0
-5.6195279340029716	18.3535415724608022	1.0
13.8861166840594290	2.5803791989733424	1.0
13.1637633599866462	0.8023481384571866	1.0
8.9095266839090712	0.0840807167547082	1.0
11.5298875756821797	1.2342672917409052	1.0
15.6657136784072559	-0.3123617004850044	1.0
9.9795592699527038	3.3673573268202612	1.0
10.3813042515134910	6.5461541354304114	1.0
10.1731810392799762	3.2773884737918086	1.0
7.8576008179207468	-0.4638104449496185	1.0
12.5749316388044186	8.1192013082268826	1.0
10.7095670975651771	-0.8207912024309375	1.0
13.1811499867465471	1.4407679400937170	1.0
12.3246619034208091	2.2762246299832642	1.0
14.6982177949267818	1.3186763845705916	1.0
17.8144288038576555	1.4306409253434960	1.0
14.0227989967529005	-2.1012738141135570	1.0
12.2185174548966629	-2.8554151665364786	1.0
16.7832627588706060	-1.3856993699355684	1.0
16.0830245022723730	-2.9024525344578480	1.0
12.5298477820778160	5.0988408592257706	1.0
11.8587092645863823	-3.9179703654686890	1.0
16.2204644640264561	1.8586408327386816	1.0
17.1946717032503074	-3.9572012227384206	1.0
18.0753830341375021	-0.3165422622985405	1.0
10.5817099869984617	1.4922854695800065	1.0
15.7215656964039763	6.0767979242017329	1.0
9.2270349474739053	5.5832414511354189	1.0
17.1082156742149323	0.2581813147609145	1.0
16.0123803607596038	0.5091025936162807	1.0
13.0205872743407216	0.3321094245243876	1.0
15.4521637624352053	-0.1542617181656697	1.0
10.3670371104713990	-2.8851938315810566	1.0
12.3947310732739844	0.6382665545806602	1.0
11.7287757115875024	6.0684141961895639	1.0
12.9372416115509878	4.2689972879910432	1.0
13.8639797233679527	-1.0568622747792331	1.0
8.5983756670852802	-0.5722725184674083	1.0
8.4173846256871911	-2.0027992584209682	1.0
19.3460805707471621	1.6104045416372093	1.0
8.9078252197724783	0.9271575193157875	1.0
13.3994978600389256	-2.6236307547583899	1.0
13.7687521025154354	6.5883251586413554	1.0
11.0736599780947476	-1.5510965942464350	1.0
9.3775929400176370	0.6810004225468127	1.0
16.9174803504983053	-1.4254574001525733	1.0
16.2873921631259151	3.0363088333195791	1.0
16.1569071501986201	2.0564307802275432	1.0
6.8654955086558829	-3.3438002556770958	1.0
5.7262413232120144	-7.7913311464677371	1.0
14.4473899062133153	-4.5520872285292073	1.0
8.9734604473350110	1.1927233885162922	1.0
15.0745068401149886	-2.3275590268335287	1.0
5.9624777426095452	-3.6476040502272200	1.0
12.8469902853823807	3.3455391649922586	1.0
12.9681721458986772	2.1189560800355229	1.0
10.5645458265642294	-2.1805216465933714	1.0
12.8742207328314144	3.3527613172623916	1.0
-19.1213943428034234	-2.0381046131517557	1.0
13.1376638982519545	9.1895436943755495	1.0
13.2593715547719899	6.1430400512205621	1.0
15.6153928778142568	4.2086923303133759	1.0
2.2091052795878694	0.0912501743342247	1.0
11.4511921650114203	-2.9414093092932601	1.0
14.9044837831368859	4.8180004855490681	1.0
12.7323546360826629	-1.2654224327923624	1.0
12.9131131287269234	-0.6450559667168717	1.0
8.0337909153909255	-2.3831109969155411	1.0
11.5312652166061120	-1.6111643712750454	1.0
17.7497432826379402	1.8042965958470900	1.0
13.6851922013660143	0.7569600642108630	1.0
12.2086708624328484	-1.9253182479809907	1.0
10.5851012812529106	0.5994843893307628	1.0
12.4630059202934600	-0.5194757272014440	1.0
-3.7078379078572601	6.9269359541870568	1.0
10.2891485473894981	7.2521385123931053	1.0
9.8679623968944483	-0.3109629632679993	1.0
7.3859867844369997	1.7378063969958977	1.0
14.4508757247429216	5.6217428696842386	1.0
3.2587337072679392	-15.7685201724446848	1.0
13.1456975157153551	-1.4231744117409355	1.0
14.2015802435005867	2.2938466880942414	1.0
12.9178257137826851	-4.1385583532237771	1.0
-4.5402905805863512	-1.2458292700252873	2.0
-13.2374137170351531	-2.4875153364539107	2.0
-7.1185896705962977	-1.7664536226622716	2.0
-6.8441832558751434	-5.1617454184493008	2.0
-12.3248365764138139	-4.0468473041221902	2.0
-6.8622474561302127	-0.9189729396275154	2.0
-3.4313612334938717	-3.1707498400675291	2.0
-11.4062056824678955	-1.6519284947190858	2.0
-7.4555183629880775	1.9010193446638299	2.0
-6.9886870112048660	-4.1222374639652095	2.0
-4.4047227361726797	-3.7159529299410572	2.0
-6.0137322161699371	-4.3238154240035227	2.0
-12.2152295200228185	-3.3745225103863614	2.0
-6.9028939014602253	-2.4316451985351852	2.0
17.4455941336854359	-13.0269282023939947	2.0
-9.2937936181019047	-4.9977992262350304	2.0
-9.9608719957783851	1.0463960132340790	2.0
10.3943124353462153	-7.9417476594527585	2.0
-5.0845633172683034	-5.8352474287221749	2.0
4.3657011074042185	-6.4793036427715496	2.0
-10.1237678607605268	-3.0634777291506330	2.0
-11.7543470316071161	0.5433504967240781	2.0
8.3795611530648184	6.8804186445734850	2.0
-8.2566957466690098	0.6307673590180999	2.0
1.5631598181110913	-5.9689485159322500	2.0
-6.2977054516161468	-2.5050097702842580	2.0
4.1849203867335909	-7.0618746176363931	2.0
-6.7947358961247337	-0.9061100770062204	2.0
-7.7850911137133147	-1.8364529302098813	2.0
-12.8664320907182628	-4.0303272176296678	2.0
-10.1950731442321718	-0.7242144601349841	2.0
-8.4992414854432088	-2.5210098081928654	2.0
-9.3386596757947196	-4.1318948139363334	2.0
-3.7072727418166291	-0.0815009563584269	2.0
-6.2671393682183831	-2.5856689357710789	2.0
-7.7976088062416720	-1.1095478623351078	2.0
-5.4049333536184427	10.1985499649740419	2.0
6.9497010383255589	-5.7994314518637466	2.0
-15.8010183185245978	-2.8048652980583322	2.0
-13.5322919602917029	-5.0940527690174227	2.0
-13.9200411085129545	-2.4995008362403066	2.0
-9.9233970953912713	0.3943713698339396	2.0
-5.0902253007520279	3.0374621923947376	2.0
-11.1670035585213849	-2.8033645736063746	2.0
-4.5961760116604129	-3.6306838911841330	2.0
-8.8582951591748156	0.2262118870468843	2.0
-12.9502420130319145	0.6501834808541948	2.0
-4.1122851859369218	-5.7315130759454123	2.0
-5.4663787720685484	-3.3195949278308836	2.0
-7.6244764662082707	-2.8969011293003515	2.0
-7.1444099934177672	0.1276602885793586	2.0
-8.9691402314424256	-0.0001196819993980	2.0
-11.0573423524354695	-0.6078404113292646	2.0
-11.3131885900709808	-2.1020698992130371	2.0
17.2665531628083180	10.9841700087447744	2.0
-11.6819099522263627	0.4465612645122608	2.0
-10.5833365529300387	0.2191976501523178	2.0
-8.2736168487600530	-2.8743546219327993	2.0
-0.9836567296092331	-5.0420457760940005	2.0
-6.7040182878048933	0.2807716912267436	2.0
-8.0977642018767710	-4.5016547001337450	2.0
-15.7053494706474179	-4.1173602842930013	2.0
-6.5512939394246921	0.0613011556986217	2.0
-7.9672887889401913	-4.8412097363256565	2.0
20.3454094723311592	-8.9084299712401016	2.0
-6.8301329960690840	0.9626060975855690	2.0
-6.9792992711240274	-0.8884304269598828	2.0
-10.0537718848927753	-1.9407349993286362	2.0
-12.2564478786594240	-0.7582286050187380	2.0
18.9657113153644872	6.6778112737567694	2.0
-10.0468154173998059	-3.8560882070229079	2.0
-10.4825831571603185	2.0577433493933825	2.0
-11.0007694695169818	-2.4774679290664383	2.0
-11.3375180364357142	-2.3101097820033845	2.0
-11.5236241691076167	-4.3551312358130740	2.0
18.4003089063466980	10.2371041702306442	2.0
-12.4689546691505146	-2.5683340310830611	2.0
9.7753932592340984	-2.6372749642489541	2.0
-13.0724687902821657	-1.9036571363273267	2.0
-3.6979311349759350	-2.4228218260112184	2.0
-8.2388890285837739	-1.5358077155899141	2.0
-15.4862171665936081	-0.3947830569435840	2.0
-9.9619885953784095	-4.0475459957141213	2.0
18.7530127784176770	14.0899298355331215	2.0
16.2440751619307377	-0.3420734202571709	2.0
-10.5944695565762199	-1.2868953516688257	2.0
-9.4320898343193456	-0.9845482155986290	2.0
-5.1515494610721504	-2.8602290770149028	2.0
-9.9503823671436926	-7.1802087585876944	2.0
-12.1907153273973101	-0.6577597118115878	2.0
-12.4256760396072998	-1.8586352466551430	2.0
-9.7137478125706043	-1.8768766480567536	2.0
-7.8346546271939932	-4.1222591247281661	2.0
-13.5502554552211016	-4.8160092892839499	2.0
5.3242153846964069	9.2248388768441636	2.0
-11.3418156510963755	-4.5631477196841992	2.0
-6.4302093529685775	-1.8979526732701224	2.0
-13.5100077062039965	-1.7074306128735914	2.0
-8.9440963785160470	-2.0675779564310712	2.0
-17.3801363915812708	-1.7444258011888383	2.0
8.6258889090056527	-3.4561804964911316	2.0
-8.4126022837353904	-0.4306587185558118	2.0
-7.7801145815784771	-10.6173044679558473	2.0
-15.6356743105889446	-6.6270809652413432	2.0
-4.3413532311779024	-3.9571215684545709	2.0
-6.0043999100755769	0.9187990877469231	2.0
-11.0944376188721101	0.8343980676571686	2.0
2.6343115123001262	-7.2319872300528001	2.0
-11.2145043510112323	-2.8322033255359611	2.0
-6.0019596082711697	-0.4147412758674406	2.0
-10.0881072134981729	-2.2865413417673532	2.0
6.1050847002922426	9.2429171284325697	2.0
-7.4387326954838482	-3.2362552841814969	2.0
-5.8498460613994814	8.9499417290337746	2.0
-14.2874093045105024	-3.5433159438778570	2.0
-9.2538910109724402	-2.7409942814938906	2.0
-4.6995589903036379	-4.4389481780462390	2.0
-3.2062684578107077	-5.1513413025248660	2.0
-12.0322298062714950	2.0287002460072596	2.0
-9.1964394215199832	-2.4109969399585705	2.0
-15.8334537685742358	-2.8082524422005513	2.0
-0.4579562600087774	-9.4171472115722459	2.0
-0.3498891906118273	18.9643756462891844	2.0
-5.0195322350937417	-5.8825654865015684	2.0
-7.9159225782980487	-4.8271777128119773	2.0
8.8580990281022594	-4.9370880465097846	2.0
18.6255808295513212	9.9841299676249093	2.0
-12.8876874327272599	-0.7560938449009791	2.0
-11.4909784365496108	-4.4231161708898528	2.0
2.1116400045760888	2.9029309897515652	2.0
-14.0035582311501532	-3.2564306823289164	2.0
-11.8742339951240847	0.6354918261886239	2.0
18.5388362787073504	8.5367045621924653	2.0
-13.7222214593245440	-0.2225096059606326	2.0
-5.9028147043365102	-2.6751079763428200	2.0
-15.8167627402194739	-0.1820517027915891	2.0
-4.8294973878733334	-2.5129802506612773	2.0
-15.0132799396346215	-4.8651652106351690	2.0
-3.8677026327434123	-4.2281060237234795	2.0
-9.7305337300120858	0.0912212009356562	2.0
-5.9791618179088157	-3.8521018505558637	2.0
-4.6472742824585778	-2.3910961486760991	2.0
-15.9516654070192150	-0.9611261243576491	2.0
-7.4460445781274291	-3.3536541734622798	2.0
-9.7015937037079727	0.3087103808611519	2.0
-18.1065692743627302	-0.1306362374092245	2.0
-8.1331355631714057	1.1666364264303488	2.0
-8.0177672847291888	0.7780231270315714	2.0
-8.2522148840800309	-3.2634445238965317	2.0
-7.0459998233943102	-3.8118460485907257	2.0
19.6055944472940702	9.6891767535240163	2.0
-6.1669492831076891	0.9631596677050485	2.0
-7.9459943712864867	-1.0625328886918473	2.0
-6.1280089618292370	-6.2598039436021429	2.0
1.0033577666888143	-7.4927256183562010	2.0
-8.0527649886998525	-0.8358079486180811	2.0
-5.0777659337498395	-0.1010930856196557	2.0
-10.0114643610400762	-4.1746750175379583	2.0
-5.3331383695436312	-4.7853169077665587	2.0
-15.2240387302173179	-2.1198888816493131	2.0
-2.9708336040534093	-2.5831800825334823	2.0
-8.6717273898291118	-1.7975421876272912	2.0
2.5142006017912490	-7.3949713255279255	2.0
2.1270261335114906	-15.5778104373252830	2.0
-14.2078883400487044	-6.0889707462917002	2.0
-4.8767955687021249	-3.9241171876758054	2.0
-5.8461846955284216	-5.2363321146703079	2.0
-9.7466790700326964	-3.9475904708721434	2.0
17.1001677371617156	11.0716121651684052	2.0
-4.0015482704874659	-0.0458578513401715	2.0
-10.7142662482760418	-3.2672792960445154	2.0
-14.6093840600301466	-1.1293653184845580	2.0
-5.6046847184903079	-3.6770131898155607	2.0
-13.0249827461747572	-2.0532378157097679	2.0
-11.4120504277422956	-3.1318582832334192	2.0
-7.0338008786946373	-2.4728361061543147	2.0
-12.0388852862395979	-4.1150403683520951	2.0
-7.6751389965533789	2.9413311752626505	2.0
-9.2515979699955100	-1.1475294014239064	2.0
-8.9523544634279091	1.6449868357552178	2.0
-8.5082460403364077	-1.6070414207908885	2.0
-6.3877410934544816	-3.1650618209032002	2.0
-8.6695385183407438	-5.8969180471344913	2.0
-7.5196900977353245	0.2367983306027199	2.0
-5.5456352726823797	-0.0868151593861436	2.0
-11.0638919889563034	-7.6524166838663792	2.0
17.5357949543497007	-13.0822437382504848	2.0
-9.0968231419565448	-3.6362886142697635	2.0
17.5767455686097698	10.7748312549754264	2.0
-10.7862748709339265	-0.6318064120031834	2.0
7.8948640693938810	-18.1920714400663677	2.0
-17.0319364880085118	1.2891795306467848	2.0
-7.5006200073612304	1.2343599857444583	2.0
-5.9085167685907169	-1.3298158619681739	2.0
18.4489709230683765	10.2953157719390198	2.0
-3.4625113829728051	-8.2598609802654472	2.0
-9.9474859343334803	-1.3806957759760181	2.0
-5.4335033924475900	-1.6420781108797269	2.0
-1.0326085738034165	-10.7453277079158145	2.0
-4.8370461789711747	-3.2920957353840103	2.0
-2.2418820927075527	-0.9345563902894833	3.0
2.0381175539448089	-3.2712750185273025	3.0
0.0697978719122458	0.3660092083320118	3.0
6.2907253639221272	-4.7166352983391642	3.0
2.0344145067979542	-1.3572921536493283	3.0
6.3257890536592170	-2.4629506327820518	3.0
2.3203416177392682	-2.6710049035381545	3.0
4.6066332805690875	-0.3741381835300486	3.0
0.3495982838701940	-1.5302414870287082	3.0
5.4606362036410037	-3.7083507532776308	3.0
-0.9276996893879972	-1.0064901408635698	3.0
0.3538565604485734	-3.7063028293884885	3.0
9.8710059685346536	-1.6249464285168189	3.0
2.8601549032887803	-3.9269639369371028	3.0
1.1398721374240171	-2.2018875619490443	3.0
-2.8587031828387119	0.5312683718702188	3.0
-0.3358620507352779	-5.9797883352165240	3.0
0.5205824050756421	1.0335823231281442	3.0
4.2554786339138939	-1.6773928753000900	3.0
3.1276367866020145	0.7390224637821586	3.0
2.9977918572323570	-1.4359694913778960	3.0
2.1215780162518794	-2.3804793754871341	3.0
5.7721600683478513	-1.3935100932091629	3.0
6.2952342608000489	0.5177745989466801	3.0
4.6808971007916957	-2.4920084038718273	3.0
5.4456254736510985	-2.3808471935156295	3.0
15.0337533638191871	-3.5116362850463925	3.0
6.7502419248767058	1.1756329186648871	3.0
-2.6833476350623888	-2.9113924911769162	3.0
0.1648528221789481	0.0023043455893300	3.0
8.8357086530503679	-7.4679914090820443	3.0
-2.2414055399457071	-4.2922869078746801	3.0
3.4520704761706473	0.0460060329713746	3.0
5.0908085250969064	-3.9002374136813889	3.0
5.1123665776262550	-4.4727611524656385	3.0
3.4110460398492521	-4.3864780589647276	3.0
2.4602553629614121	-2.7504059804703274	3.0
4.6984744545574060	-1.6569704980145428	3.0
1.3973731051690634	-3.0472572987640225	3.0
3.0976386950193673	-1.2989444166772723	3.0
7.0231633139265091	-1.4063187612718584	3.0
3.0506346702757070	-3.3027797847711269	3.0
-0.7944240326655464	-1.4540539329911393	3.0
-1.9814379909939870	-5.0895945304815822	3.0
-0.8736236738842839	15.4751102871264372	3.0
2.6504386464033014	-3.3027946637824148	3.0
2.4960902892157368	-1.9502643802327571	3.0
-0.0778492647946546	-2.5644630286778054	3.0
-0.4402483615589776	10.3977353193106801	3.0
2.5621293683879367	-1.2349816305414842	3.0
0.2517846755216571	-7.7746632327435519	3.0
4.4795087759364112	-5.0374919108380816	3.0
1.1455544339789794	-1.4092829941997345	3.0
0.4845585977548176	-1.7044375976499002	3.0
-4.8968045655502799	2.9585204776078502	3.0
-2.9497127160278684	0.3876073440338510	3.0
2.7598339824101128	-0.6666678986797036	3.0
-2.0864414131242888	-3.5092513296711432	3.0
-0.3635085112834774	-5.4412400951791104	3.0
3.7375581325972171	-4.7498287496249771	3.0
-2.9440436725320769	-1.9932495910914430	3.0
0.6188649549150588	-1.0937181195105545	3.0
5.0015861930441865	-2.0445262540887339	3.0
7.1951805009900305	-1.4771930864904732	3.0
2.1103719983059177	-0.2622553363991875	3.0
-0.1062247080764711	2.2686200747454515	3.0
2.0310394494826967	0.7571357501771215	3.0
-1.4906094606788578	-2.5808978957995068	3.0
18.4985442607484600	-7.1416816446004816	3.0
-1.0443746479550542	-4.7437196020137460	3.0
1.0554819800691297	-5.1968431583833121	3.0
5.9640707866795317	-1.6103080970147592	3.0
2.0221627505984805	-4.4962082615888379	3.0
-2.1994594871973847	-0.7111678899612686	3.0
3.7762755796020255	-0.5321975240031195	3.0
1.0520360353201841	0.9356961922553563	3.0
1.9728165522169743	-4.9271847886379652	3.0
3.3150913954073733	-1.6828729535356697	3.0
-0.5330814204087287	-1.8298295805535292	3.0
-2.6025694268193602	-5.5581315420350146	3.0
-0.7660805495152718	-2.6015145487100133	3.0
4.1956573128974393	-2.7397265936164610	3.0
5.9486220119063606	-5.4795117380680409	3.0
5.7746842265606695	-5.8994619186183277	3.0
-8.3630893930597079	-6.1788861239464214	3.0
2.8399242119260166	-21.8070017777170513	3.0
0.0558593779707955	-4.9137061955392873	3.0
2.7993653707215009	-0.6753567219273283	3.0
3.9469162287594561	-5.2798250735122609	3.0
3.4801482149340424	-0.9064284426445911	3.0
-0.0031147754525271	-2.2163539233190592	3.0
-0.1599605873448963	-3.9588730794696936	3.0
-1.5958442438602907	0.0887237963326470	3.0
4.1257425416669831	0.8212543636647432	3.0
-0.9849605116052808	-0.4832559814830675	3.0
1.9174454289887573	-0.4043047459697596	3.0
13.5746164527359880	-5.0882052038276333	3.0
3.1318606567483283	-2.3270923810156567	3.0
2.4656145036302868	-4.3988209410210812	3.0
-7.2191638605523618	-5.8780059785291048	3.0
-0.2642565485167362	0.9868505416162371	3.0
2.9418008901112840	0.1957795692136639	3.0
4.8216348131321771	-1.2517040227048353	3.0
-0.3419226778476489	17.4139157697085416	3.0
16.4011960397496637	-5.7190536954866387	3.0
2.4817421600224274	-5.4058374414833299	3.0
3.1469365180340052	-1.6138881247161123	3.0
-5.2020672783727235	-7.0519269802033664	3.0
4.2230412341271277	0.7194515309418220	3.0
7.2940863797929643	-2.6356028024954670	3.0
-2.3059441980992692	-1.0246056579055536	3.0
-0.9792107826986208	-3.7467284534890419	3.0
0.4795882470507401	-4.1419191169039218	3.0
0.7597336696820175	-2.5903522838354025	3.0
4.1679770786311607	-4.3273312956343988	3.0
2.9431794139768677	-6.0288985372811821	3.0
-1.8854967060167755	-6.0355987434205947	3.0
-0.9347804572193238	-2.5318622694903348	3.0
-1.3043701433440011	-0.7059811561460240	3.0
2.7660607464257327	-0.0545062913629950	3.0
3.4825874066431055	-5.6664144142831194	3.0
3.8609296295561308	-2.8519652774087194	3.0
9.8243040309258163	1.8911366688801783	3.0
0.3396948750494543	-6.2927627655387051	3.0
1.1395615209580698	-2.3702892971487772	3.0
7.2218830518832906	-2.5787890891491116	3.0
4.5865817929749415	-2.9541888541551495	3.0
-0.4115751039287517	-5.4422339062632776	3.0
0.3776081692409600	-0.9985278076533110	3.0
6.6875657032551068	0.8245702945779801	3.0
0.7844940909132621	-5.2339600432090876	3.0
1.5768947037398602	-0.9548173050977007	3.0
4.1271047959119942	8.8527345693661914	3.0
-2.6768918920657465	9.0632253909601168	3.0
21.3566480830416552	5.9145250649456838	3.0
10.6706203774048269	5.3759075308240458	3.0
-0.4491682057310952	4.5434977368118368	3.0
2.3684157762713309	-3.9328102709714776	3.0
7.4527104439395018	-0.5433531858508726	3.0
-1.6248693928820355	-1.9219030637715326	3.0
-0.1660157651367900	-3.3151954604636638	3.0
1.3393782019909248	-1.6601509074222180	3.0
13.9514659554389890	4.7995207031804199	3.0
4.5697119311568137	-0.7111608465884218	3.0
-0.1082737203281757	-5.4225605884710966	3.0
2.1024866820315986	0.1104187804263383	3.0
1.0848236795217923	-0.0072948846303916	3.0
6.0710869690552691	-3.1958801897994289	3.0
1.0060538438471016	-4.4461419660393835	3.0
3.9229858015974002	-3.3021306342791923	3.0
6.8213949974894543	-0.0144290274441945	3.0
3.3141656205316852	-4.0240124732028857	3.0
6.8799879343384198	-20.8937882712511716	3.0
1.1087507772575904	-0.1583006867651608	3.0
1.8173230570079406	1.3191519917393173	3.0
0.4810081779881793	-1.2965584413673896	3.0
4.4114203444115834	-5.2984809286352812	3.0
4.2957832384807926	-4.1079494891759349	3.0
-1.0528789109499634	1.4954564841182769	3.0
3.4563378976239929	-4.6397118248864011	3.0
6.1885805586763745	-1.7264299327919865	3.0
-1.0751469729735523	-0.8266937310933343	3.0
0.5706894176474528	-1.0629306140523209	3.0
-7.4821967413557253	6.6065185039611780	3.0
-0.5007749808957002	-6.2475157771583456	3.0
-3.4146810585685832	-3.8032173314634314	3.0
-4.6043178953863109	-0.2426622692505891	3.0
1.7505110028352910	-3.4032198422813975	3.0
-0.8822406809796106	-1.8781968921763512	3.0
6.0729108935281824	-0.9355630673596023	3.0
-0.5350307319185007	-7.3698552387092437	3.0
1.3120470712980890	-0.8352126194576350	3.0
-1.3958679182377660	-3.4462345331621331	3.0
-1.8391442137684171	-1.8716509972756672	3.0
16.4656730664487796	13.7183023376750963	3.0
2.8548328842774793	-2.6886664124282360	3.0
1.1708159509259228	-3.7293430687423914	3.0
-0.0732673638421743	-3.2033860772343501	3.0
0.9710673209585821	-2.4446256094505396	3.0
1.3659729824726452	0.5607978393803302	3.0
1.3682568547716052	-4.0273465510094715	3.0
2.3376311320542258	-5.9776981539933010	3.0
2.7254168379131221	22.6193894489910292	3.0
-0.2687056185028960	-1.1320067509216956	3.0
-2.0308683790511912	-2.3857377346731128	3.0
1.9378175533984456	-4.8609209979079413	3.0
0.8418867293048882	-7.4144144146057611	3.0
7.6428576439783296	-4.0697851416867348	3.0
5.7414171785506847	-1.1264249798962802	3.0
4.1505628540412607	-2.3263753057946470	3.0
-0.5126661747281835	-0.6007093399559359	3.0
1.4742967064023136	-3.5995994201242745	3.0
0.1006026660631056	-8.7852018783640151	3.0
1.9593013519534228	-5.0391184426624278	3.0
-1.5530886253622662	0.1887069061074147	3.0
4.8106340804483105	-1.2080317442644266	3.0
-1.9071760356642817	-20.4306207639270205	3.0
9.4698872971824439	-4.9688123998931877	3.0
0.2600264198576119	-0.5730519965582441	3.0
-1.8292069608817918	-5.0874397772360282	3.0
-0.8144282221233838	-11.6276083003770587	4.0
1.2051423748041601	-12.4504157032954978	4.0
-2.1186771562295972	-13.0703211860686590	4.0
-3.5302639753887499	-12.1116077539940257	4.0
-4.0104312736887815	-19.8407139386667737	4.0
0.6786178815106889	-19.8897033131756942	4.0
-2.5158244942227750	-8.6730829149096493	4.0
0.9679439166960850	-9.8489882452781039	4.0
-5.7948614906013489	-14.3067040656071960	4.0
-4.1049237689249125	-10.8207435985083187	4.0
-0.0603257087889505	-14.3348789014634228	4.0
9.3485452162609572	-1.3095669409316333	4.0
-1.7227519980678430	-15.1526425066074388	4.0
-3.2121001620976806	-14.0856823235125646	4.0
4.4810743720809976	-14.4617672845463119	4.0
3.6565150904331838	-10.6695869421970304	4.0
3.2575890798015221	-14.4800696321441684	4.0
-1.6874444589630948	-9.7903489916866029	4.0
-4.9285189040832300	-10.4575464213147846	4.0
-2.1516522353106851	-9.6701565299466772	4.0
-3.8792720013976489	-6.3896139665364755	4.0
-2.6061682156377639	-15.1506777592353838	4.0
-2.2828990789316705	-16.7748224641315389	4.0
2.1641241716427175	-15.4826731225389569	4.0
2.4945702054808505	-12.6154839492101143	4.0
-2.2606348996705949	-7.3180587295174213	4.0
0.7214582379148841	-16.6470862947948994	4.0
-3.8375499185583561	-7.5916693496429080	4.0
2.2650684037622826	-9.5398651585513097	4.0
-0.0245189121036752	-11.0093513048194342	4.0
-3.8512227349774451	-12.0966840848208363	4.0
-6.9995765606438827	-17.0911797734623292	4.0
-1.4279246897736571	-11.9740617105151550	4.0
-2.7772521579223346	-7.5189990454714088	4.0
3.4666897494806519	-13.3687324338440927	4.0
-2.1478165216783771	-10.4122101339731046	4.0
-4.3491778793775833	-6.5623994309723273	4.0
-3.3498034241805024	-11.2782465088721295	4.0
-4.1504142323130244	-18.4857802204950872	4.0
13.8093887991545010	15.1767433022198688	4.0
-6.4369701105362926	-4.5563941477218712	4.0
-4.7734412546128482	-15.2063098964274630	4.0
0.6491082834049490	-10.6769782636596275	4.0
-0.6239758111274060	-19.0896134040834866	4.0
4.3851634280064431	-19.0474530071685209	4.0
-13.7801033770852648	13.1301173330976511	4.0
-5.1133237306155284	-12.4899607225459537	4.0
-3.0921579252548677	-10.9438506802519218	4.0
2.8144574946650041	-11.5074678751472828	4.0
-2.6447848561600678	-6.4683983854933178	4.0
-3.4039860545560634	-13.5368035175937553	4.0
-1.4974893301606049	-11.3796110661914334	4.0
-4.0455705180472652	-19.7690762478215341	4.0
0.7541826573973145	-11.7329745379823294	4.0
1.4716773243092596	-10.2119021753976860	4.0
-0.5337578426339032	-12.8399491192476454	4.0
-0.8848798243135693	-12.8576334152436633	4.0
-1.9034066299585815	-18.3302526171238682	4.0
1.8709473649407633	-10.8173837461382547	4.0
-3.4443018199158733	-12.6286729044498909	4.0
-7.8569629210918821	-14.5182331198082721	4.0
-0.9341460423985132	-8.3347911729791040	4.0
4.7018099982414343	-13.8880538217784633	4.0
1.2710939217389920	-14.3555298349927956	4.0
-5.7267194486338662	-18.0732180100051494	4.0
-0.5646871645161037	-16.5053410078593821	4.0
8.9261817430702202	-2.9483326692297949	4.0
5.4934789410088909	-0.8587747774299506	4.0
-4.7165139732065704	-15.1089149917038110	4.0
1.5774722331747852	-9.0950820989586436	4.0
-4.4241691563067054	-13.6351426493092145	4.0
-1.4702868825760664	-15.1494157483110712	4.0
-3.6422407500828764	-18.0572487240119415	4.0
3.1429906774563494	-16.9847111309414238	4.0
0.9367307418795301	-16.0798510213125496	4.0
-2.6619270721110584	-12.5231515712031900	4.0
-4.6688834999555153	-7.8557148212827705	4.0
-3.6815574918062990	-9.6548242331037741	4.0
-3.8850327288331012	-12.8698866220629355	4.0
-19.2033988131866060	6.4999996869208596	4.0
1.5438445655531772	-15.6443809879634959	4.0
-2.3347733332892577	-8.2494869985619008	4.0
-2.7086438015761964	-7.3752479224496676	4.0
-1.6430768121492876	1.5409682865912224	4.0
0.8324068069251275	-12.7367945265695504	4.0
-0.6955424984704678	-13.8581138112848681	4.0
1.6761721727425900	-15.8046430172142589	4.0
-0.2425411656071738	-10.2034087719572319	4.0
0.6931413898768203	-8.6484910040953604	4.0
-0.8213269319646976	-9.8422859460474221	4.0
-2.5737534829296052	-11.5383606363391245	4.0
-14.0290195081154625	13.1150400079227278	4.0
0.4151866472126316	-15.4434656673947384	4.0
-0.1777137164303911	-12.9869025116944989	4.0
0.8753079033391017	-12.8006207739902447	4.0
2.0821454153107029	-7.3278481443470440	4.0
-3.1821754617601292	-8.7424739051130178	4.0
1.3562993762136974	10.7951499365571308	4.0
0.1384104174475649	-11.9860366720163736	4.0
1.6363224192735795	-17.1696622949506512	4.0
-0.2686972279465772	-7.2065214582135750	4.0
10.0449930271527386	19.2205298810053193	4.0
0.8196864503276855	-14.0139569505621360	4.0
-1.7048525411004147	-8.8388408342820384	4.0
-0.8739915711570401	-13.1389627861495200	4.0
8.2350446026656616	0.1129498263983441	4.0
-5.7973536922128410	-19.0029519755768170	4.0
3.7088917841156159	-11.6669125072794522	4.0
0.4533257994751650	-14.0455565885142128	4.0
1.0810151706407249	-14.8749466416627154	4.0
-5.6938649100879495	-17.9245896998017322	4.0
-4.1173046157830218	-4.7978918745097268	4.0
-4.8843978651118682	-16.2546604079123895	4.0
0.4058782619711311	-9.8160509662669782	4.0
-0.9639024151431098	-13.3511509418366661	4.0
1.4032612644846885	-8.0485899331515647	4.0
-0.8105737816320178	-11.8588758215925161	4.0
-1.6437777564876146	-20.5422638165569111	4.0
-3.4110908147141967	-18.0283241565015224	4.0
2.3553799396195463	-13.9821371061244228	4.0
2.5457059561753974	-8.0351264285197050	4.0
-6.6147027165594379	-13.4539405546399973	4.0
2.2023556738935781	-12.4720454715691762	4.0
2.3828222579733795	-16.3097355507404913	4.0
-2.1019747805991638	-13.4198921878777604	4.0
11.6964509051566559	11.2845055888006662	4.0
0.7191951624356898	-18.1220482446534703	4.0
2.1442513849608673	-13.9560230219595027	4.0
12.3422412686614447	14.9862391676391198	4.0
-2.2621178338722481	-11.6217609795769956	4.0
-1.9389085556663102	-12.5625495508183800	4.0
0.7997897932391420	-17.9321075693395642	4.0
-7.1236760049600374	-13.1812826499794031	4.0
-0.2313812949561730	-11.0721113208923310	4.0
0.9813835188456076	-14.5094896827564916	4.0
0.3000623736489323	-9.8279158150986881	4.0
-0.3995272350460954	-16.1647900662951365	4.0
-1.4483056864796555	-15.2452604901333864	4.0
2.1079773754742206	-13.5090429075081762	4.0
-2.8707753450858227	-15.3082363443550964	4.0
-0.9063161427163979	-7.8521253705302385	4.0
-3.9580952351609251	-15.5680764643049265	4.0
-0.9572968775668144	-14.1375073780247043	4.0
-0.8786033644073429	-17.1869226038056127	4.0
-2.3197841855055898	-13.4683968507049610	4.0
-3.9209474894497323	-16.4226414565421592	4.0
1.4596472854202949	-11.5576689442573173	4.0
-4.9743562159596868	-14.0275278903576570	4.0
-18.9275889174206213	-6.0987255789684092	4.0
-1.8334877990792195	-14.4699384911064595	4.0
0.6178752970142063	-10.7986118171917997	4.0
-3.0681535072308477	-21.9809511580536743	4.0
-6.5021418090169787	-20.4739773930434801	4.0
4.6500572748691491	-5.6573197171796128	4.0
-3.0240441009190224	-9.8580722144510240	4.0
0.4377790092130573	22.6584136801721243	4.0
2.5684129231560799	-8.3064829954059363	4.0
2.0511855304058044	9.2958768263718916	4.0
-1.3982945313068964	-9.4525203878682902	4.0
1.7630804865443399	-15.5970310313794105	4.0
-1.8930260872504605	-8.5316292279072510	4.0
0.0911879699362895	-14.7718303552426047	4.0
-3.7896948250724867	-6.6116968579157733	4.0
0.6869174870224294	-19.9232455199804441	4.0
0.8209246435219847	-17.9808867789599915	4.0
-3.2574751122798715	-14.0151463600044401	4.0
-3.4260833917105660	-15.1676385448710054	4.0
-0.8640658739148451	-7.7244512381247148	4.0
5.4897424367091139	2.0917291956896822	4.0
3.5246020284724549	-8.8231031615815354	4.0
2.2979670544699409	-12.4253459113189759	4.0
-1.4631185905385369	-10.7529602838853080	4.0
-19.1952608737510886	-2.0402753359241048	4.0
-3.7928006234919316	-10.1718054457287739	4.0
2.2089992893303196	-8.6430498589955231	4.0
1.7873704060522386	-8.3527091502438697	4.0
-4.7349188654842820	-7.8226313405550929	4.0
2.7118253360216529	-10.2645476151207973	4.0
1.1192774068439577	-6.4341145011743324	4.0
-5.0393612933271541	-14.1304822344986984	4.0
-1.0303230369954384	-8.6368501719300479	4.0
-2.2753091925688711	-6.0299007264825262	4.0
0.3713305563457983	-22.0701683729137557	4.0
2.2336033319863313	-10.6758405731402828	4.0
-2.6622920060658171	-9.2416226715112444	4.0
-17.7972747696918852	-3.1925357726144732	4.0
-0.5914402708439955	-16.2970887203088886	4.0
-2.5741898474263749	-7.4897478276323985	4.0
-2.6854735210823368	-9.8121409609996952	4.0
-0.7860721486321306	-10.9801278274389400	4.0
2.6885228777731993	-9.8171040990401703	4.0
-2.8024311874060310	-10.4125419950774631	4.0
2.5706725957351688	-19.9684806146532488	4.0
0.0853427946176001	-13.0942830938075669	4.0
-3.5857012346059869	-12.2049303491332708	4.0
-2.5130567958434025	-16.1899323010411926	4.0
-3.7227762664974917	-6.1324739100990904	4.0
1.6447124503839132	-13.1346501227549766	4.0
2.2929509454281107	-7.3064402266621258	4.0
0.1520593867143802	-12.1557778201991269	4.0
-12.2653147941558078	3.1799882026017485	5.0
-11.8771479790566481	3.7056000399608529	5.0
18.6342526116531317	5.0087884097164643	5.0
-7.9226168632147509	4.5049590646181112	5.0
-9.0759195601098899	3.1431517365417956	5.0
-11.9520482948643636	3.6035841844546725	5.0
-2.4708941879016098	2.3285055893006716	5.0
-0.5158316800051552	2.0313608561134524	5.0
-6.8751247903446719	1.9592771801136690	5.0
-4.0283219803159280	6.8788220596730545	5.0
-14.4091585814600869	9.1642253130148941	5.0
12.9799223314794698	-14.5452282160091269	5.0
-8.3972939091466134	-8.0915485637335340	5.0
-10.3701656875976660	5.6614365271550779	5.0
-13.8326822589429135	5.4214355948766890	5.0
-6.1145487630836897	5.0696732515994176	5.0
-7.5316561537534223	6.5502978481068430	5.0
-6.7142996049989385	5.4614280781163060	5.0
-15.2692044891821883	10.1302122109684909	5.0
-11.0746546887936521	6.0432311239624257	5.0
-7.1148286052335745	4.2761720745424210	5.0
-13.1560193501292630	6.5165373524073873	5.0
-12.9155167056595825	7.5608924416639693	5.0
-8.4177340062788240	2.0189193523517943	5.0
-16.8874456231731038	6.7207333000938903	5.0
-11.4991092947779379	7.0953138617242582	5.0
5.5576810282067379	0.2370349063791454	5.0
-10.9102781360410788	3.2308380302179009	5.0
-5.8723377601254576	-17.8736080191152951	5.0
-3.9326831520151972	3.2912450596840328	5.0
-9.1224426886062435	4.9710412729861559	5.0
-13.4544143076006932	2.4761160376726150	5.0
-6.0249934183625324	1.4849971592193811	5.0
-12.4128965191595775	6.0467206109665010	5.0
-2.8038356705077319	-8.7587648969593701	5.0
-6.3503842484620971	3.1185129490022589	5.0
-14.2872991064148955	4.9680965016291729	5.0
-12.9274872842217814	6.4326853119445273	5.0
-8.0528367893484774	4.2068515033790801	5.0
-7.5597656822857635	5.2960635022822222	5.0
-11.8098496107074649	4.9650473810203524	5.0
-7.5968343147285982	6.4186517454714371	5.0
-10.8538218162469171	9.2847082292918017	5.0
-9.5955938675007637	6.3765197995843375	5.0
-15.2233512294934190	4.2165421557950644	5.0
-12.4034655785880190	3.0033783264235021	5.0
-5.1626333915799218	6.3954333212891994	5.0
-13.5331564987797996	3.6308940274842261	5.0
-4.9669027037699989	4.3514858521432576	5.0
15.2188728615024118	10.9445238326421403	5.0
11.3941240381655380	18.4535275849768752	5.0
0.6696196937589320	7.0033156722450993	5.0
19.4077254073038681	-0.8047902542990931	5.0
0.9586072257855057	18.6160627855327760	5.0
-4.9412136989036490	5.3375716284112622	5.0
-16.5125325645975494	2.7993658989524199	5.0
-14.4720682498265791	1.2905013468209283	5.0
-11.1875383132931283	7.0946011888902003	5.0
-8.6963181740642952	7.9546921051130157	5.0
-11.4803105215791383	8.8631262437102603	5.0
-15.8225187402834333	5.8078328968620028	5.0
-5.4265509989002396	4.3309562079025898	5.0
-15.3224407984886817	3.0623380126146347	5.0
-14.2732845067995040	4.7225209798037948	5.0
-5.6185260833662074	5.0074799654161319	5.0
-11.7882605480715945	4.1605399893011716	5.0
-6.4152299849403622	7.7928408018218143	5.0
-6.6930568282713461	6.8992931276964464	5.0
7.4269013958570351	-5.6175864117196506	5.0
-8.5051418988356975	5.8084367336206935	5.0
-8.3889491621683376	5.8296249526821562	5.0
-7.8756795095418619	-18.4092351356829731	5.0
-6.0875410387123896	3.9240796514890355	5.0
-14.3101981018603457	5.1662705407870568	5.0
-9.5426072716032202	8.9815628836673618	5.0
-16.2977918694760113	4.4950965392589062	5.0
-14.4665702327339041	7.6265001469526732	5.0
-18.6628537961894168	1.6802791293705248	5.0
-12.8048352619003829	6.5612867691402199	5.0
-10.3132452975465316	3.7372699106977518	5.0
-12.6148898089831487	9.3283975561202759	5.0
-12.3155232896923970	2.9458645922402287	5.0
14.8488843817235363	9.4538902492189223	5.0
-11.8322917621165917	4.6575573340202805	5.0
-20.4331079569231697	2.2772201564641792	5.0
-16.5720418543742767	8.6353112815377990	5.0
8.3487327257265420	-5.1352781344754179	5.0
3.3252288736319211	-9.5922485084223741	5.0
5.1283624767083911	-9.5595380852514626	5.0
-13.8868271775413543	6.5720813426357507	5.0
21.3313095377863426	5.8926663658062797	5.0
-15.2624791387411527	6.5165792645887661	5.0
11.7091000353614820	-4.2386932956482397	5.0
7.2443245374688940	0.5975486402410188	5.0
-12.0973676508727621	8.2801081149325793	5.0
-8.3826038020846898	7.0469427878673390	5.0
-8.4422630506355389	3.1923549686865433	5.0
-10.8973697501771678	7.6701782063356907	5.0
-15.6369046393208357	8.9707598034776659	5.0
-12.6460048427591456	4.1264301856443844	5.0
14.7861818814694335	9.3897320303107943	5.0
-10.5320456417224477	5.0590081100631021	5.0
0.0996447339735162	20.1842868217016544	5.0
-4.3026135709954039	1.3204616502007696	5.0
-14.1039115983437178	6.7174937547896194	5.0
-11.1721242849384961	-10.8117999340871300	5.0
6.4175505215476631	-15.7979701563305071	5.0
0.5934968460510062	16.5528909898999785	5.0
-13.6073773295111931	9.3490213774230888	5.0
-8.4475743759287383	6.4903275880102775	5.0
-6.8963274198574869	4.4032253896348132	5.0
-7.7428000910738941	5.9035024585626958	5.0
-19.6311785473459501	4.2570515365453030	5.0
-10.5674698545899908	8.2832214844388954	5.0
-7.6230642382560694	-6.9661566260603731	5.0
-6.1074161035478829	1.9070118360023325	5.0
-5.9115973176639844	6.1147322365795773	5.0
-8.7216733278097678	7.3820089811412064	5.0
-13.1701968632322544	4.3559336863342368	5.0
-15.4999324863240151	2.5767559418614754	5.0
-11.0425550043356431	6.0879108583910115	5.0
-11.4723201021000385	-1.4334167386446586	5.0
-8.1568925101538401	7.6263725563292848	5.0
-6.6788011856451499	0.8865956585987493	5.0
-10.5189099652292057	2.9953359358079878	5.0
-4.9830144736773017	3.8970266378151375	5.0
-9.5687165551242028	3.5461778510830242	5.0
-6.4297922365034994	7.9131914939963499	5.0
-9.3933843678344129	9.3606895485098001	5.0
-3.1674859045425925	2.4046130992923960	5.0
-5.2402712144585077	6.5956831287867557	5.0
10.4680627940130151	9.3620622707419141	5.0
0.3893160818425810	-22.1743519308904951	5.0
-3.4606876716014381	-1.1075519503985229	5.0
-17.1120847744405040	6.8144248654080259	5.0
-4.4509076483847707	4.6364208604714143	5.0
-4.1686121028069074	5.2452501206877855	5.0
-4.9281879932571764	0.5704140502591465	5.0
-6.5038766982961276	3.9597998633300491	5.0
-9.3715465914853588	5.9057194197563661	5.0
-4.1036103500363161	6.9115220523584107	5.0
8.8074793044444384	2.7193669293136029	5.0
-14.5286833920389409	3.2998644297456665	5.0
-4.9572535504173691	5.5756034125907501	5.0
-1.8537690864777387	0.6813155616659120	5.0
-2.9627522620975775	11.6925275496316665	5.0
-11.0404936015191772	3.4076501043719678	5.0
-9.7684453631725567	7.4364366075108217	5.0
-11.7850941544222074	9.1264476131733421	5.0
-9.3440495762220177	5.3788428596841102	5.0
-4.8728845177004816	5.4730893188099579	5.0
-10.4221093717406461	7.4405758712559571	5.0
-9.7783580097794793	6.2721314436781981	5.0
-10.8426552972478856	4.8624414347898144	5.0
-13.5582665170627763	4.4306002688020794	5.0
-13.0385715760258751	7.7177624090450108	5.0
-14.9538279763980295	5.0366214451784490	5.0
-13.2645238514927239	1.2011654309403772	5.0
-9.3846713980502869	2.9600814827938553	5.0
-9.5557044604659147	-6.2392023587679688	5.0
-6.9617954059656411	7.0895571362455190	5.0
-12.9314154576178097	4.8703434173984554	5.0
-9.7188736465085288	10.4380748926788911	5.0
-12.4640892303445785	5.8790398754975852	5.0
4.4270638058813674	21.7918875477394351	5.0
-20.2735508578889316	0.2688467553661519	5.0
-10.5279443486258053	7.4265543764728781	5.0
-0.3879123951188794	0.7234234346983590	5.0
-8.6670579701337438	3.3385465895018620	5.0
-15.3906724620610778	9.6576928785398319	5.0
-3.2962262314953277	1.3192743183630637	5.0
-4.0275940654082083	3.2370157332621998	5.0
-9.6285669473952407	4.6904620498398586	5.0
14.8188242511749575	9.4567267198829761	5.0
4.6949835866791272	1.5462617931629290	5.0
-9.8809720082224626	7.3325441514896310	5.0
-8.1503292920217500	4.2893051134044100	5.0
-10.3999165183120823	3.5975565264745946	5.0
-10.7013508736289058	4.7022237874806443	5.0
-11.3099243484454508	8.8326050005581944	5.0
-9.0976656026414169	4.7813947266449155	5.0
-6.8325583810916148	5.5837042994867510	5.0
8.8011565775076708	-20.5471057138652746	5.0
-8.7043579801619995	3.9509226559614108	5.0
6.8151299426386105	-13.0489361055327961	5.0
-15.6143031378456048	2.2716605204903768	5.0
6.3585704265405596	3.3912197795103176	5.0
10.9186927799860989	17.6962250574140931	5.0
-4.1384674436418587	1.4408132540472574	5.0
-7.4536014461709321	-7.0825412158821628	5.0
-14.9329575743742549	3.5286817041720053	5.0
-7.1147033483310009	5.5223583307116400	5.0
-6.3023734174646497	5.2922577427028124	5.0
-13.4632710704453995	2.5292120844762782	5.0
2.4067171810025774	-18.2263079819537452	5.0
-15.5730254380315785	-16.3966509428766365	5.0
-4.5680874722413574	8.0977119118574432	5.0
-0.3973901858381099	2.1208842981632787	5.0
-8.6143018693121967	7.8566143974812306	5.0
-17.8682708093961189	5.1872207310639276	5.0
-11.1915865592857102	15.9395134221653159	6.0
14.8026452090605378	12.8077435057668936	6.0
-1.8770263761715316	16.3147229181661366	6.0
-8.4651978030657258	17.6223836272723524	6.0
-15.4471487090810609	12.8400328314784336	6.0
-7.4719956619448373	21.2704219380616451	6.0
-6.7450104188560553	19.5070750255374179	6.0
-4.1553079522384868	17.2509808697509186	6.0
0.0405209902481027	14.0572124388959754	6.0
-9.7430892363692312	14.4245347744501622	6.0
-16.5440543718314501	14.2417655075200642	6.0
-0.1532748385852447	12.6818853772131508	6.0
-9.1079638740432873	-15.0007122964809394	6.0
-9.3957699392396901	20.1722711770545651	6.0
-4.7958090667863011	9.0297825575503499	6.0
-7.9084363908551571	15.3549882282881462	6.0
-0.8688967009241566	15.3539989973245774	6.0
-2.8201703722000095	9.1908354577107705	6.0
-2.3708095680556571	18.7787642336156289	6.0
-13.8519818548416502	18.1100570069075744	6.0
-5.7014977838581267	12.6632589450266480	6.0
-8.0444286051166074	13.3745280088896763	6.0
-7.5261714870670495	12.5873635530029926	6.0
-0.8924563228260179	15.3315499983856061	6.0
-11.4494806218788607	12.7252592992975462	6.0
-7.8318320082992203	16.6211123816122956	6.0
-4.0557588553406632	12.2504430998524843	6.0
-5.2759659994502064	14.2544473717581592	6.0
-4.5408870134742250	12.0431333172453687	6.0
10.5354053098158005	4.4618988092198046	6.0
-5.9580356068819853	16.3126017537058772	6.0
-8.0599755250136447	11.9318139124858682	6.0
12.7652185608687816	5.4840755745274876	6.0
-4.6389280585311781	8.2268847551166981	6.0
14.6839134103877278	12.9166491221260760	6.0
-8.3199856659553841	9.6052240209758324	6.0
-12.8891074641385401	-0.4481233090505862	6.0
-3.5904298161795958	15.7134374758385942	6.0
-11.1129393385462336	11.4210399106763312	6.0
-4.4763114371898345	10.9835404029933592	6.0
-6.0179471343981863	16.8935159261171286	6.0
-6.7924749649491636	14.8595973070087037	6.0
-10.1158474522452568	18.1924726111722919	6.0
-3.0332927856826135	11.5872049823041632	6.0
-7.4708039916239990	16.5308505017717984	6.0
-2.0878422525964631	14.4788881299657426	6.0
-2.6697600590349460	10.1807451056019911	6.0
-15.6945365532447081	0.4095724414818394	6.0
-5.9292837457566643	11.3610851683972491	6.0
-3.9469449529720126	15.2923122528066209	6.0
-9.7924498359094816	13.3464842684235272	6.0
-18.8073072960099594	10.4955929560189389	6.0
-10.8682350723038166	15.4418111284652113	6.0
8.8597091518426154	9.8082845412275450	6.0
-14.1281870355675707	11.2576668554688677	6.0
-8.6752164320079643	10.6583964920004046	6.0
-8.7164839431800907	-19.9268918404022095	6.0
-6.2914683892802925	11.1325762837318969	6.0
-3.8770611928880760	10.2362626160564272	6.0
-2.5498237796462448	13.0898141400139618	6.0
-5.9575172942699766	11.3692270028730693	6.0
-1.6032752673509447	9.1028907848953544	6.0
-5.6701276628501880	14.0813350473735106	6.0
-9.6393708140187080	1.4093335722513294	6.0
-1.2235566653008798	10.1949209275673400	6.0
-4.0979616208890022	5.9243610869781387	6.0
-8.6126154062924503	-20.2086678569289120	6.0
-6.8306470609688921	14.1386449402122043	6.0
-9.6717128287892660	11.6039154626123917	6.0
-5.8245485461277990	15.1957763545835878	6.0
-7.2489249514940655	12.8970141978661594	6.0
-4.4926944688755581	11.9972131441219751	6.0
-5.6879160441755641	20.5241661163590017	6.0
-7.3050303184105827	10.9565658698323958	6.0
-16.9216548101749815	11.4812754974185101	6.0
-9.0959556530620382	14.1544465094355960	6.0
-3.9241210442260290	16.5711606588213378	6.0
-4.6971073080317449	19.7214659423689191	6.0
-9.0059686957121077	14.1588569696652282	6.0
-7.3148005546529049	12.7411045971337913	6.0
-1.3808601372993481	10.1217355135948033	6.0
-4.7919678728705462	15.7518657740943908	6.0
-11.9265396222776587	14.4316455714432763	6.0
-4.3500380875866975	13.1539193795478937	6.0
-4.9828799325719091	13.3489412201366164	6.0
-0.0457377383969263	13.0499626406584941	6.0
-1.1333956668304725	11.9841216967907833	6.0
-5.9816569968240829	17.9320979546117201	6.0
-10.3803769872656932	17.3077256758857594	6.0
-2.7275842120300351	20.4391513004203844	6.0
-7.3710018860225075	14.2979515512764745	6.0
-1.2693804480204696	18.0158399022035169	6.0
-11.5630485184061982	10.4427813414346478	6.0
-5.8103010466203546	18.3566914986129746	6.0
-12.2295129077726603	15.6037737111561245	6.0
-2.3009401728828984	13.4342153832588291	6.0
-7.3372390497873363	19.1658925534345279	6.0
-8.1960909828178448	14.1720706666455758	6.0
-7.8401572459875100	16.5801453616736900	6.0
-11.0102359011330879	12.8471302360299173	6.0
-5.6486003506960989	15.6469333799391546	6.0
14.1195307746432430	7.9825099877179007	6.0
-7.8580270080805663	11.9789866926767186	6.0
-10.0479596582216004	18.3047554363714724	6.0
-5.4504714217552825	10.3441234494527965	6.0
-9.1231026924370742	11.8822559256920464	6.0
-7.2039047096183237	13.9500998222880170	6.0
-10.3698376485884562	11.5848741168348042	6.0
-1.1857928521010737	-6.5573650226434426	6.0
-8.2931541683575851	10.9789299956302013	6.0
-8.2724377603162313	13.8065357923551435	6.0
-0.2416665790695783	9.1066437354192153	6.0
-6.0024235810959077	12.2839775351957634	6.0
-3.0500775503581656	11.7468544613075458	6.0
-8.9223019797272194	15.2217348970709079	6.0
-10.8249965301137046	11.5260312610328199	6.0
-3.8124051606903038	14.3949762906808036	6.0
-5.6519103681154990	14.4539429138687865	6.0
-4.3724816985081842	15.2217028751456560	6.0
-11.0773726646929909	14.2666208802669257	6.0
-3.8230443630383961	10.2112333155060586	6.0
-2.8258289635771057	10.9353137230682300	6.0
-4.3557873925486508	17.4176100036501929	6.0
-7.5395452425934080	17.7381229348378362	6.0
-8.4802259466181056	13.6087547452542648	6.0
11.5800028430562811	5.4276423307908157	6.0
-11.8445642768984225	14.4755407487441996	6.0
-2.6109862649870745	12.9630352606011421	6.0
-12.4381437291844499	12.6830440714112314	6.0
-12.6907893164773142	13.4972411126767344	6.0
-7.9074576654034709	9.7050974687106137	6.0
-8.6169906529515412	12.7116168978738813	6.0
-6.9924375147203932	16.2827294789436543	6.0
-2.5110517389860512	14.5400921853012211	6.0
-6.9483981468658689	13.4875306448691230	6.0
-12.2722370983062898	18.0951662711106422	6.0
-14.9709613918760454	14.9434021464662425	6.0
-2.2898573445129706	17.0044248040976456	6.0
-6.3934711092098500	16.7996623701878001	6.0
-11.0328768141820248	15.3399644764900298	6.0
-5.4506270549177147	-11.6185484883412276	6.0
-7.3215923278603423	19.1752659220724482	6.0
-7.2707395641941464	11.7078728744246678	6.0
-9.5597474919555445	16.2135993434448444	6.0
-3.6151074623696502	18.5089950719318388	6.0
-9.5268428795890081	16.6350111419530933	6.0
-6.5875054494285870	9.3611371805595613	6.0
-9.3175367895360637	19.6969712459537867	6.0
-6.2532838559140540	10.2034612671462614	6.0
-9.7426104098695632	11.5929340167482184	6.0
-9.9445439611775424	12.7961445965202696	6.0
-3.5521673230279847	12.7421756344753394	6.0
-3.9694082555105781	18.1151847945702933	6.0
-4.9015928763605521	10.3496469942424607	6.0
-6.8190763898490836	12.4136255915239904	6.0
-7.1803811725874871	16.6797323610617241	6.0
-2.7397781231660261	12.9569070320292337	6.0
-11.5622963201584241	16.4594797955518004	6.0
-7.2358539125872374	16.4530335931347338	6.0
-13.7949461680672130	16.5538793789706382	6.0
-1.2084931225044491	13.5604410608943109	6.0
-12.8482769301195727	11.4310529819213489	6.0
-9.4565206170887084	12.6370307515312934	6.0
-8.9486854491859038	15.2714101030410045	6.0
-5.0960200087895577	-0.7920958567951887	6.0
-2.6994515789318854	15.2860074653752687	6.0
-0.8110470301407559	10.7188882796098444	6.0
-5.7492805044046769	18.1766278005190607	6.0
-5.8975806373343627	13.0247129484525956	6.0
-4.6927261454284412	15.7761835482331705	6.0
10.8749385843294650	-18.7606270413201273	6.0
-9.5057204907727701	20.4374325530631502	6.0
-9.5554325991785838	14.2227419454338797	6.0
-6.4542638925885365	13.5218186409970293	6.0
-5.2195255092761661	12.9408177739341728	6.0
-4.0194225323754909	13.8428490277305194	6.0
-2.7133277279034789	14.7071597801623390	6.0
-12.0479189547522445	19.5656796856169990	6.0
-4.7712721880582238	9.5768358342710851	6.0
-20.5032485408968377	-5.8359415083887436	6.0
-9.6848240245601609	10.8901859534390990	6.0
-4.2316443814745197	15.3574351932739575	6.0
-3.6955142048360465	18.3358525994031325	6.0
-13.6084552996275487	16.6056906197279943	6.0
-4.2038737381801177	21.0947812702964939	6.0
-3.8880178020312219	14.2756113859193299	6.0
-13.3314689700675100	14.2595205946341448	6.0
-5.7005363773830631	12.1858698303654709	6.0
6.5064256326900756	-9.4110946701223206	6.0
-7.3849272672388979	13.0582324716398990	6.0
-16.9673847175186090	11.5901113786636891	6.0
8.3407867299978431	2.1364522552085212	6.0
-4.6072980992307553	11.0828653184038988	6.0
-4.4125180908877724	9.5523512769205485	6.0
-8.8101922428655612	18.9433672143914897	6.0
-7.6954196298839790	15.2601818283917048	6.0
-8.9107462945276357	16.7692685494067781	6.0
-3.7518920458962537	16.6031820501989955	6.0
-7.2661924102945248	10.5990627436145104	6.0
10.5355632122819998	-5.2279271244763397	6.0
10.3252065158379889	11.4646645460585912	7.0
6.5318876530181145	19.5689027677244312	7.0
7.0738718321211200	15.8402072058253154	7.0
8.8213329381305350	12.2670639237542058	7.0
-3.0801928773556635	8.1422200521091987	7.0
5.3984979245665361	11.8303396912064667	7.0
1.2608558306898943	9.8551352753884611	7.0
7.6172243247712377	13.2279715334274979	7.0
1.3179278500498097	11.7247304676537443	7.0
3.1081885009884731	11.6275211853276303	7.0
3.9280967850020492	10.9261285994259776	7.0
10.9483874028196606	10.7887670964184004	7.0
2.5343185515590023	13.2781483651914147	7.0
9.7426993530421218	10.2298112654835940	7.0
4.5913795058449161	12.1656177896188638	7.0
5.0850132267997701	9.9338390518155251	7.0
1.9718967675444603	11.5796607726763536	7.0
1.7817063339402022	12.5810969576554772	7.0
6.9745542171730674	9.6326828587410365	7.0
9.3029993911510509	14.3542097137903948	7.0
6.5652571682827743	11.5008335139570779	7.0
7.4944683749221941	16.2707077319062101	7.0
9.7616868180097889	17.8693652909178944	7.0
7.5600798321928551	12.1600972859835768	7.0
6.6574718743039414	14.7258454309031688	7.0
5.6307793049986579	11.1808448295796641	7.0
9.0388156845516860	13.9162243392425804	7.0
1.3358759313336406	12.8968837763520696	7.0
7.7943923028208886	13.0897799875506227	7.0
0.8294813978661909	16.4342286101599910	7.0
10.8903335498848985	12.7408222021815671	7.0
-6.0225700943411837	17.0394143969356726	7.0
5.8822126704832991	12.5702251009968737	7.0
7.3453495348175464	14.9648778351618414	7.0
3.8598864839418980	15.3056438603046114	7.0
6.6964791184478516	13.1235683721064902	7.0
5.0110643302091455	14.1906471558697032	7.0
5.9486266521625639	9.5501165678367599	7.0
0.2871136530552358	10.6239526233245680	7.0
9.4349770368669503	13.5402112709471609	7.0
-10.2093478740536945	18.8354456796657672	7.0
8.1425182059012613	10.3129293515589264	7.0
2.7854470465395518	12.4911320856780410	7.0
3.6189000814762466	12.4550832304600068	7.0
4.0203426916984339	15.0657500588272288	7.0
5.1072785327924706	-3.5173796342367600	7.0
8.9994521580338880	11.0567428952559279	7.0
4.3130008224352689	16.5894834230922363	7.0
5.4425410858162273	14.4997413346194914	7.0
6.2513565932801578	12.9136185933561034	7.0
7.3624533962140442	12.2955392993029040	7.0
7.5834140395606076	13.1512699453996191	7.0
5.9374398950557943	16.2313743844292944	7.0
6.7839063164049662	11.0004180342236335	7.0
9.2139895746266252	12.5126436810109887	7.0
10.3227587149156310	7.7173076592256882	7.0
3.3522825389664312	13.2972636947162091	7.0
5.2672804220471896	16.1460380610771992	7.0
12.2741803198215536	14.9335527342854633	7.0
7.6847401740522843	11.3312540511657218	7.0
3.6257168153426265	10.4187882932100209	7.0
10.5038808458238773	14.1986951904962400	7.0
14.2191308062520623	13.3354427454320064	7.0
8.7781633587835248	15.6327528106683626	7.0
12.4918391169289329	17.5942685900725557	7.0
8.2083437636341401	15.3536644873934716	7.0
1.0361753485882661	12.3507365103191749	7.0
6.7541092461373973	14.0878836996937800	7.0
4.3604150125653236	18.7469627119206521	7.0
0.8199519487949197	13.5990464411513052	7.0
-3.4079725412883901	5.4958104360517073	7.0
6.0721916721705185	10.3273058989746431	7.0
3.7464947818650152	0.4121831493460564	7.0
9.2147726108700514	8.8746296250557499	7.0
7.1067302547203530	-4.2998885307472205	7.0
7.8430222620148733	16.6210039255969129	7.0
14.1374482499525289	16.8437309740337717	7.0
9.0310024195441141	13.8825972951838192	7.0
7.4862216843865541	8.7958466913735229	7.0
6.3999419843620391	17.1998909984605746	7.0
-17.7036849933329883	-8.3974761067104193	7.0
2.8368480737922184	14.7181123882018525	7.0
0.1861847245623174	10.6051046111380138	7.0
8.4350476722458243	12.2931641758449928	7.0
1.4122939078124983	15.5690230704582220	7.0
2.6711145144749375	16.9740313256694968	7.0
5.6090361433433209	14.1489298049920293	7.0
2.1133885888410675	12.6116733151163611	7.0
7.7654114372741754	17.0493550424803360	7.0
3.0754626011141140	10.3145582893378283	7.0
8.9784843054098289	12.4230507367016170	7.0
3.1661988582842224	14.0371082586488107	7.0
4.5959612955637175	16.6601722920782933	7.0
12.5075932395374316	17.6531967237474170	7.0
11.9022761543095523	14.5267749532488164	7.0
4.3857109464991044	17.6139800647723668	7.0
13.2857733284009303	11.4339285743413708	7.0
8.5362051148009339	11.3395470362916395	7.0
8.6007867646272640	17.4859246444305327	7.0
7.9125907371904489	12.0005343309662127	7.0
-9.5951388708702989	16.6745259573515554	7.0
8.3098910642871004	7.9643137719052453	7.0
8.2133118321638392	9.1656191312353741	7.0
2.5818969183855640	14.4078948516112302	7.0
2.8917142253104471	17.0170480174156822	7.0
7.8837198363729746	16.8866811156580141	7.0
4.7673360994239706	10.9245182680055777	7.0
4.3191758912138694	12.3022303572421592	7.0
4.7972481640125775	11.5821834539760378	7.0
5.2091670799619072	13.0797846787175178	7.0
4.1708709928596157	14.5761719114963846	7.0
-16.5281801218325732	4.5009484231929875	7.0
4.7688892167348422	12.2769714342378347	7.0
8.9560871664346369	15.7271993499298368	7.0
5.2740707275227363	11.6925898423358312	7.0
2.0718679799720636	20.4126815495708414	7.0
1.4556197738847947	17.4309336667495565	7.0
2.1635547432756783	12.3928831247831663	7.0
4.6554538018802401	13.5234440733670649	7.0
5.5531993189639062	18.6726122483067911	7.0
6.2873322121600372	7.9487356923925514	7.0
10.8510964850060567	10.6193792202625854	7.0
-13.8204134826528353	-0.1720875638726287	7.0
-4.6092197159563231	-0.0872160869858014	7.0
2.1307893255988342	10.1137970743064898	7.0
11.4471808057664823	16.4095539661463832	7.0
-2.6464832379991825	7.4310977106464806	7.0
11.0818210526110175	12.8205410540355196	7.0
5.7760600254751981	12.5227017575843629	7.0
4.7416863515131285	12.4276825398435555	7.0
3.0044977796805323	17.0503779157984958	7.0
4.6888714464957264	12.5963376265721649	7.0
10.8084525088420840	12.8089549266120422	7.0
6.5211565347048177	13.7963087436536451	7.0
9.7163652105677016	12.4810027248010176	7.0
4.5509126400764375	16.2133779104964049	7.0
7.9300913893781386	18.9872365183666041	7.0
1.6292272370954815	13.4865260929907969	7.0
4.4228409617899231	15.4501307326943937	7.0
10.6756530024542950	16.9582027358488361	7.0
6.6382642017641631	18.1132776068494756	7.0
7.9970774213387070	10.4558841620881768	7.0
10.6273073457219880	17.0796529856084938	7.0
7.3737122493346288	12.1706129796587614	7.0
10.0628033007248572	17.5091285862960078	7.0
8.8564586615421685	20.4179317584130828	7.0
11.4755031427417915	8.6474030085833320	7.0
4.8355229587869308	19.9442769367013177	7.0
8.9241704025947257	15.6660722315194914	7.0
5.6146225448503184	16.0485275587206679	7.0
12.4046249908796078	13.0201275298366017	7.0
3.5273241647529092	19.5169909731523070	7.0
7.4857499194826307	10.6251131830415400	7.0
8.0596046999149706	14.4337898757278094	7.0
0.8422145756350179	14.4415872616913958	7.0
2.0234263110567614	20.4012407111309670	7.0
2.3351618701039656	10.9507259949943307	7.0
3.8759448967099188	13.1210553793288138	7.0
2.6830622312717831	15.3753504350001116	7.0
3.9460197176091381	11.0653030491149131	7.0
3.0084669650944216	17.7117101531975081	7.0
8.6207304783254131	4.1995851995979550	7.0
7.0357071730713567	20.4550371279053351	7.0
5.3355459434999117	10.5598154599404506	7.0
-0.2015684254689209	10.0527293523136088	7.0
8.1409624163900229	13.4164221924473122	7.0
5.0316216866027910	14.0591776734603773	7.0
2.4259437432702677	13.4664821399860397	7.0
7.1493379441753344	17.4290243842438777	7.0
7.5122552335089123	13.6262824992238780	7.0
3.5903693572192341	12.9055760696799044	7.0
4.0760588684670260	9.8801991342313986	7.0
4.0711836630517135	13.9753512931612018	7.0
7.4629902710608382	12.5807403281217045	7.0
1.7260960888106449	12.4671266347104321	7.0
5.9021942419246214	12.7476608742179387	7.0
5.7817027387335447	16.0775799314888452	7.0
5.2381843843449305	17.6093168959339899	7.0
5.9291338791605126	11.7211337784784106	7.0
9.2187416295796485	19.3133882340634173	7.0
2.8860778048138451	16.9792612135710748	7.0
2.2939976456876208	18.7028993953008857	7.0
13.0324539331701619	9.8524588548800942	7.0
2.9701439690636700	15.4989485272838081	7.0
5.7021614086900545	13.7061793350044479	7.0
-14.9984447317698653	7.8562330176589867	7.0
2.8592755557536176	10.8604046874439053	7.0
-2.3460457918810804	2.4661263865368706	7.0
3.7316280901368013	10.3641715836161019	7.0
6.8221422861657839	15.8947919384153256	7.0
1.3621198989815289	9.2084542793235507	7.0
1.3733362991549232	15.7566060207005592	7.0
3.3743852347533716	11.1371695776366550	7.0
10.5153098782938716	15.2107400392301439	7.0
6.5532827527151944	10.1495790158758510	7.0
2.9136599039817805	14.6666085467129150	7.0
5.1322664520332255	14.7023418042565748	7.0
5.7955457901563765	15.1681395460282538	7.0
7.9157667978997006	10.4086830689233896	7.0
7.4797144890694609	14.8587895937161534	7.0
-10.9961966376404483	17.5166762819805655	8.0
7.5351242903132674	-10.6731432072519290	8.0
15.2212970342264828	-12.3182327864436942	8.0
5.3783561117598264	-10.9381618668539033	8.0
10.8649655627809754	-8.7802092520416828	8.0
16.9705538776943534	-10.1825369661193701	8.0
7.2965122298219534	-9.5340691334675558	8.0
9.5520000604400792	-11.3515002512006156	8.0
3.1946799498776430	-7.7027906847416876	8.0
9.5483646200677867	-6.8542600837787511	8.0
7.7948116146491815	-13.1052701705602939	8.0
12.1413057707008445	-8.4693991263421111	8.0
10.0724173481383303	-13.1228347814137525	8.0
13.6542762018473312	-11.1431359350911361	8.0
5.2980210537169050	-11.0370115902180839	8.0
8.8989246007601288	-9.9761890533737834	8.0
5.5556997114104920	-11.8912352875868912	8.0
5.9987785715791455	-13.3513841757064071	8.0
12.0810246851682148	-11.4286223060115457	8.0
14.2517225137663193	-11.7685827641881264	8.0
9.6512305475406865	-12.2492863916061410	8.0
10.5798569676170260	-15.8338680339740048	8.0
-10.6246486317230140	4.5570965843996190	8.0
7.4195384629461500	-7.2446122453592752	8.0
7.9734279667874164	-13.1259925556228758	8.0
7.8033771036148458	-12.1683337951214057	8.0
8.7271427042819347	-11.3292584500896698	8.0
-9.7245166067062314	2.4227593524149302	8.0
4.1738719984205321	-11.5683928427918925	8.0
14.7133171109248941	-14.0180646982807318	8.0
1.2761905064476755	15.5990290127368532	8.0
6.3768211401812964	-17.1782490607310550	8.0
9.2576183288863838	-6.6539545781694827	8.0
10.3483893284116810	-10.3677001831359217	8.0
11.4980891909664038	-9.7717444398500017	8.0
10.3689372872035470	-9.1660244626085703	8.0
9.4179246670633443	-13.0098002334899796	8.0
7.4235179400451061	-16.3247043149512940	8.0
10.6900252206236051	-10.2938936956646785	8.0
7.4477998619108687	-13.9338709520369068	8.0
8.6992110816723738	-10.4217792766847310	8.0
16.9379395077339403	-10.1676795895312981	8.0
11.9406092779421993	-12.3807548325807844	8.0
15.0192312998606301	-7.0991179503576349	8.0
5.1350003167163036	-17.2450753937091896	8.0
5.5068023151979935	-8.6152067437082511	8.0
2.8409993423488045	-7.4407270964512318	8.0
8.3349197027242532	-8.3834853526188997	8.0
10.6772790213122324	-11.7350413605891557	8.0
9.2548680389086186	-15.2835194148995086	8.0
15.3823119080916477	-10.3324710507904953	8.0
9.7717999864858243	-9.2194920088059931	8.0
13.1857491055817739	-8.9410664110119544	8.0
7.2358903444032308	-13.9688160579175307	8.0
12.0355654691796694	-8.8270341327013071	8.0
-4.8615266679309626	-9.6585201383615473	8.0
7.6407775444106063	-11.0148190486570901	8.0
7.7628545584176516	-11.9763013633354287	8.0
10.5350636328949427	-8.7582012528263053	8.0
15.8895576433795434	7.9544794491816218	8.0
8.5008919357485198	-13.9609291947841179	8.0
-1.0468653221712030	11.9239895207778641	8.0
12.9494780389920923	-12.4275685258084199	8.0
15.8458005035028808	7.9282829449224934	8.0
15.6919524497736340	-15.9335929116539763	8.0
13.6444320816414582	-9.3451969821362546	8.0
9.1609036566313211	-10.7192504925501257	8.0
10.5687050258617887	-16.9007976319568876	8.0
4.0193632819426215	-8.4188785207808348	8.0
7.6364390097603847	-6.2720052612644679	8.0
11.2610726802273007	-14.0156805734371090	8.0
13.7423123245176910	-11.0441706052971043	8.0
12.1092049490995581	-8.6935964769648386	8.0
10.4830255859967920	-7.8086921967516005	8.0
8.7971643580364418	-5.0834079976647004	8.0
15.4829980844624036	-11.1646523570505689	8.0
8.8728168840139361	-11.6118855585713003	8.0
10.3784123830326021	-15.4070603276602309	8.0
3.0875861636986537	9.7453917485881316	8.0
12.3280772200453406	-8.3057254682547317	8.0
8.0815437736610853	-14.7392463900142623	8.0
12.4293588832064348	-16.0068107532258956	8.0
11.2387401415116912	-11.1299393144205094	8.0
12.1068066745035772	-11.4128544142053538	8.0
6.8536985810893949	-9.3173116185325107	8.0
6.6645352339329991	-9.2396203900505647	8.0
13.5148248428494338	-12.3032669288372318	8.0
13.5173265273181702	-13.3862225482647030	8.0
13.4927736567697316	-10.5974312239998589	8.0
5.2130822917663577	-10.7372102884836291	8.0
7.6713057380657332	-9.1182575312462308	8.0
6.9725530403602871	-14.8349245154879110	8.0
10.5065121645742252	-15.2917855640898104	8.0
7.9242318270334984	-13.9744921715433854	8.0
9.5348365144370550	-8.1825145013847731	8.0
5.3918854173246746	0.3007296186307935	8.0
9.1604945400475906	-9.3508712185030163	8.0
10.5211602561825952	-13.0119120011555172	8.0
11.6625894154171288	-13.5841273319218541	8.0
7.2216932391718629	-12.8484068255890183	8.0
11.0333634987293330	-14.8278228303810558	8.0
12.8884557585767290	-12.3386165991017869	8.0
9.6629783894357395	-8.7795257015252268	8.0
9.4647239209353646	-13.9603396886629856	8.0
4.0931815512889687	-10.0087283349381018	8.0
-1.8346055194325055	22.5665784582969664	8.0
10.1598511506879561	-8.8984612784290498	8.0
8.3447956015949281	-12.4782004565415701	8.0
13.7284231889849870	-8.1863119116413490	8.0
6.1063467186052733	-10.2354039673484909	8.0
10.9047440309302797	-6.0371556796577570	8.0
7.3334195156995605	-11.8165211592728934	8.0
14.2986156323523375	-9.5561740704581162	8.0
7.7015234378495423	-6.3563657345481976	8.0
7.7847655082300617	-7.7980222968588011	8.0
16.1203561669662285	-8.3107006359674607	8.0
15.6816491036798649	-8.4181447851133289	8.0
0.7789386957014096	7.2625795361100449	8.0
7.1592126967850360	-8.1444152876388198	8.0
9.0791841117042900	-18.1656291382994475	8.0
8.2945152852920270	-10.7180550924951703	8.0
5.6706282541188138	-12.6687121866895005	8.0
18.9788116249523711	-11.0700130582963414	8.0
7.6331038987139772	-8.0637341974867400	8.0
14.1345307972617711	-9.1065434717908378	8.0
9.1468957083035178	-7.8347133260089121	8.0
5.1081000076301821	-8.5753672068050353	8.0
9.1635307949542479	-14.9447464889401775	8.0
5.2221725987895899	9.9293413127966961	8.0
12.3950315296705877	-5.0899864088103142	8.0
10.8268188867638742	-10.4058213107221711	8.0
9.0427406890403983	-8.6560431784032907	8.0
5.9175334925218896	-11.6020237027611230	8.0
6.1510010311600327	-14.4636500668614207	8.0
10.8934206580308537	-11.2812516046251385	8.0
7.4081732506228661	-9.0888018837911826	8.0
4.3615218213226674	-7.7996611457420020	8.0
4.7256935233030557	-6.9271392851071196	8.0
5.9648321732602403	-11.4249094833903655	8.0
7.4292709607445442	-6.2188465654630720	8.0
10.8792696523377259	-9.6258584502673230	8.0
10.2579236800081262	-7.9602610371949636	8.0
5.8670495524752546	-7.9326888019086539	8.0
12.0991800074077158	-13.4900170869872404	8.0
7.8488380777357021	-10.3019491192503576	8.0
8.7730163182563263	-16.3470946742849961	8.0
3.2247016480284842	-12.4026901814373822	8.0
4.9681699713398988	-13.6806046651889766	8.0
11.7170792429161281	-13.2586212327204986	8.0
13.8532355063735384	-9.8121918866524140	8.0
8.7547908670890227	-10.3244740468360892	8.0
13.2628638370855256	-13.0229242920513855	8.0
12.6010075988976311	-17.7063152473923857	8.0
6.2886941514524271	-19.0856362248079279	8.0
12.5817901027889558	-8.0595241549734951	8.0
8.0559392316835847	-15.1605372924460688	8.0
12.1471180783572112	-14.2290980836725041	8.0
8.9131535849157544	-9.1926455644291032	8.0
7.3711774157894006	-9.6456217115440293	8.0
11.3814103456149969	-7.7263608182838119	8.0
6.7448301599932243	-15.3348634329494207	8.0
-6.2515794389579860	-1.7586875528817623	8.0
12.5689481340159883	-10.4647751288437867	8.0
10.3737969246739468	-13.8210404847424559	8.0
-0.2796459207487509	12.6528745777604783	8.0
6.7619341106686228	-12.6917753565419158	8.0
7.3030335797085844	-4.2772390571367316	8.0
4.8702862688283108	-9.5001378793053011	8.0
11.7950977913542552	-10.3535529274063887	8.0
9.9004114491155448	-6.3194076366787346	8.0
8.2764408495246666	-10.7401163068899788	8.0
-5.8177622816002552	0.8051836427686324	8.0
7.1940130134572184	-10.6883437632222975	8.0
10.0151077797365549	-11.2842689189605938	8.0
9.6882802433578732	-13.1449650497472099	8.0
10.8760406629606194	-12.6370141102618483	8.0
13.2732300015808065	-11.0587564119444828	8.0
8.4785120340421329	-11.2483522310080257	8.0
10.4940144839148601	-11.5261141210847846	8.0
8.4248655872542635	-6.3872187061313648	8.0
6.1892260717167860	-6.6876142269249748	8.0
8.9438562360024534	-12.8687695509505353	8.0
8.2998849844049012	-9.1144972250111742	8.0
7.8698581182131182	-7.5243158925814662	8.0
7.2025796469620609	3.0758400843030005	8.0
10.0575765055810784	-9.4900598479860179	8.0
9.6922816654879824	-12.4470421026953204	8.0
13.9397668058247834	-16.3875479808605320	8.0
6.6784836829873377	-10.9183124321857239	8.0
5.8495894373966451	-8.2504789507161700	8.0
-9.2243315064701239	-16.1028209545828531	8.0
12.1334661953381939	-9.3624597327476167	8.0
-5.2388948491830476	-22.2544628674073124	8.0
14.3030962495493110	-10.8312065210302944	8.0
9.9830469066439562	-7.8622111057004647	8.0
10.5369293792705676	-13.0380625090427795	8.0
14.7716201214277820	-14.1030993181234816	8.0
6.6145860433316601	3.3612722115914884	8.0
-2.2230349652145698	0.9557914185585245	8.0
6.3746874370807669	-6.8743833213731369	8.0
8.6204348266612012	1.1358239943065911	9.0
2.8729925560657295	6.5129451886187546	9.0
5.9196230085593431	3.7890186883403345	9.0
-0.2825533502788181	7.6322809146555972	9.0
8.4758171428557763	5.7238724451053340	9.0
0.2367062124711131	2.9187775320508731	9.0
3.7861313457104120	3.6053182091846168	9.0
5.1738054626683558	8.1872583483550194	9.0
-2.4753570540745717	6.0918398277033914	9.0
-2.3101872941364845	16.8346404508152219	9.0
1.7084733726298171	3.3724649013268437	9.0
6.7803685762209964	6.0759311139285757	9.0
3.4013968270387114	7.3259711490682520	9.0
-6.3080182268791738	3.1562945826203213	9.0
-4.6442940840332980	2.0250060690570488	9.0
6.3190942588998338	6.5402303552946295	9.0
-11.1634933111452881	6.2271672113113894	9.0
-1.5227856000227060	7.2370183653414673	9.0
2.7358477386076565	5.5295188991162121	9.0
2.7626448809278510	6.7664675290719423	9.0
5.2834923558273177	3.3002932232608355	9.0
11.7714461792164418	-6.4363054422664838	9.0
3.9978356479584245	8.2256183096192661	9.0
-9.1952073055475552	-1.0159446164908006	9.0
7.4204960893917757	4.3524831527363670	9.0
-18.8364644779362536	8.5739419131519039	9.0
7.4862476201269939	7.5950769488904522	9.0
-15.0365935058773879	-9.3147011393397232	9.0
9.9339818800612925	-10.4728585442023725	9.0
1.6083161514717983	3.3424763675071643	9.0
-2.5576093476699127	-4.1202815269585562	9.0
-0.6724279501887906	6.0714327717002865	9.0
0.0639691274057366	5.0711664643542953	9.0
11.4575083851030701	-7.3647228014459722	9.0
4.6071016014353772	5.4054006582930496	9.0
-15.5916507134314273	-0.2307644762762386	9.0
4.4323608547256299	-19.1779390566561609	9.0
-2.2252816087069451	-17.5266378304642529	9.0
-0.5324827994971705	4.8161202397210134	9.0
-6.2983790055625892	-6.6971381561893866	9.0
-1.0991778658226463	5.4898585848461918	9.0
-9.1604772111497965	-4.2219058904341749	9.0
0.2398962701676834	5.8016655883236448	9.0
4.3485921631675089	-6.7384107899240187	9.0
-0.7953484728952215	8.0921457644827655	9.0
4.0375025518087604	3.6678843451014784	9.0
-3.7124913650023212	-1.1108650786283558	9.0
1.3061150173567542	4.9876986319833163	9.0
-2.8925239426704961	3.4700948214980754	9.0
1.0804973406803162	8.2141599021041269	9.0
5.0127136222603763	4.4731238446407211	9.0
2.4686464395738730	8.0589284962015295	9.0
10.6844337556953146	-3.9832129671069492	9.0
4.6777782166290320	2.8549398083304323	9.0
-18.9714277056647092	-4.3911940795558637	9.0
-7.0962226677670097	21.6964823709952661	9.0
2.2221306272522576	4.9506764688895570	9.0
5.2330246382999270	4.0060007788102832	9.0
6.2372509401767537	7.8287145502347952	9.0
-8.2591363990175548	1.5081350021893427	9.0
0.5082512976223396	5.6879250332233635	9.0
9.6532985156783866	-6.5744675262373553	9.0
-0.2640152620943897	6.8749971776111165	9.0
5.7481084633359210	1.7716387119141783	9.0
-0.4206933861394064	3.6706062604329284	9.0
4.2763505032708347	3.7176094826520147	9.0
-1.4363255739544241	7.7777840952856936	9.0
-3.2407122032002493	4.8543984599615637	9.0
3.0605943896882319	6.6709683684346270	9.0
-0.4663220766561019	4.7393548847289555	9.0
1.0106827597297703	8.1103260586107364	9.0
3.9688541293779376	7.3366868655937516	9.0
3.1067606951468663	9.0706849518525310	9.0
0.7446309587649449	2.5847128769463295	9.0
2.4961720034216106	7.9919229377307115	9.0
1.5824797785507121	2.3557705595311660	9.0
0.9593978878691479	6.7391270900290081	9.0
-3.7192326716231849	9.3194409831238403	9.0
5.7814321099102868	5.1300492209341293	9.0
1.4482496943243359	4.8230288913403463	9.0
6.9608788986585903	8.8576273457814434	9.0
2.9520849155776046	2.7720892512901454	9.0
0.3856018014467318	2.9737541389639794	9.0
4.8504337916194080	-21.4836435300849438	9.0
3.6144393778077202	7.1176597262539891	9.0
-7.1662130150588750	9.2927711389330447	9.0
-1.5511196302595482	6.4431826220123263	9.0
0.7934613212004185	2.4446440349416667	9.0
6.8204103559126210	2.2414690807688009	9.0
3.1056426005218802	4.6934991225707963	9.0
11.6969172458193658	5.1432094791650949	9.0
-0.5120584304642565	4.0145462159883269	9.0
-2.8589393730724391	3.9920910240099667	9.0
5.0025632445503998	4.4724831587520111	9.0
1.3338583806859279	3.9534851924029923	9.0
-21.5416233455463413	-1.5143710989891084	9.0
8.6725848407198729	4.2533787325010248	9.0
12.8498893999679105	-6.6276591747740383	9.0
-5.9035181639485730	-10.4341571817070804	9.0
7.0801338873960242	5.3181858194103260	9.0
0.6159195170534996	3.6833444064866305	9.0
2.6843624623524609	4.1815165250587034	9.0
-2.0106788845668944	4.6946589535147432	9.0
-3.6759407835575644	2.5905270411594161	9.0
8.4030115151652236	3.2426366861922080	9.0
11.0744590747479847	5.2953086306556605	9.0
7.2240929887074916	5.3431168640987581	9.0
5.7063315107906201	22.1932441628045538	9.0
5.8202477309143585	1.5699321758715079	9.0
4.8014489214269132	5.7831872196854528	9.0
-5.0840113086408270	0.0168278358206986	9.0
3.8944216062187293	4.8501835149214889	9.0
-2.8566122824714495	3.5850753667997068	9.0
12.9845296170523632	-6.5757022663805955	9.0
6.9634805076849631	6.4434775359288032	9.0
5.7141625206322839	-0.2811608323283508	9.0
-1.7992247664636116	3.8370126922112631	9.0
4.6432529850918085	-12.6641431469349666	9.0
7.0293760773351206	6.5083553545596526	9.0
-5.1722402168804127	2.0086045154624883	9.0
0.6390525132089555	4.1054540198829947	9.0
-20.6351583436614874	-3.6116851453677286	9.0
5.3488924858030336	1.7416421718829147	9.0
6.4567855672669774	6.1682514727235320	9.0
1.1184175189820131	5.2688067681627508	9.0
-2.6086727434470243	5.9613034345049734	9.0
2.5334487101047665	14.8831643518521499	9.0
1.4234130212086136	6.1637643505634570	9.0
-1.9634991764203686	2.7935936864661031	9.0
0.2023154348175784	6.1172664310532863	9.0
5.3557894419025605	-9.6978249983267641	9.0
4.5725639075237678	6.6325831460641185	9.0
2.1566841990264223	4.2728803165483784	9.0
13.8850427404593653	-7.0409560152403348	9.0
2.3233540658810945	7.3405507805323973	9.0
1.4235329954695335	7.5576307893661445	9.0
10.6792685840930410	-6.9407914435531914	9.0
1.7685269544978985	5.8532741448335885	9.0
1.6001635413728195	6.7004586633108989	9.0
6.3088238385047166	4.9016356846016249	9.0
0.1643523151710556	8.6889662600017861	9.0
-8.4376695453128221	-8.2992869706481862	9.0
-4.4636666156586147	0.6889800431890478	9.0
3.1529943263419402	3.6906368843411599	9.0
4.4382812701283010	5.2203574142358109	9.0
-2.5709131974787254	4.7653737486004104	9.0
-1.5319457804713048	7.0037888765991587	9.0
-1.9912444425350642	4.8305294900226299	9.0
0.9447532911266251	4.1806359425634669	9.0
-6.5164172714406634	-15.4950948741929331	9.0
6.0225620563145430	6.6406550512505715	9.0
2.1515002216329195	5.4706024333855234	9.0
1.8703811627188058	5.6136771326027546	9.0
3.3128730364787473	4.8124485970376343	9.0
2.4427484084750146	2.7953391507445144	9.0
-1.1714182871472441	-3.8453185344193299	9.0
-1.5030649798923510	5.7788898837463787	9.0
4.4315738800001778	6.7195524708637810	9.0
-0.5902158343308979	2.8192730896847715	9.0
3.7032839930770494	5.8494251910686463	9.0
6.5310101557457445	3.3776071852914318	9.0
4.3303050216952945	2.4592942164730212	9.0
-2.0879332276701357	3.1981786936441385	9.0
0.8180974351774385	4.4941390735195741	9.0
17.8262143281175156	-8.7353284010280330	9.0
-1.3219022751508402	2.5449884656646518	9.0
-1.7168748322292020	3.3278977777980572	9.0
-4.4538128047224905	-1.8960890082500776	9.0
-0.2849958792469180	7.5814294434836791	9.0
3.7367789410454697	2.3177304956098488	9.0
5.2539789197786559	7.9809756349714771	9.0
3.3088768408770455	4.9169589769034410	9.0
-1.4295029394030478	3.2420359876158527	9.0
2.9690199778642392	2.0349184883577673	9.0
-5.5947045031363523	7.8831690359914672	9.0
3.8836087314843053	2.2414144563578868	9.0
3.9527297817865761	3.5696323276184878	9.0
11.6639408094509189	11.2415810584382658	9.0
2.6535999312162271	5.4984694927958904	9.0
0.3367322638383676	6.1727006647668041	9.0
0.3154087852227245	4.4139216378634742	9.0
5.7121488300250904	5.4128375433432012	9.0
3.4457703501771975	3.6122343446653651	9.0
2.7760631951294377	5.9284306030931235	9.0
-16.9686981124138931	-0.1676966207895577	9.0
2.3623493473139465	3.5635325796796495	9.0
4.3749600350462696	5.1430026189743954	9.0
4.8852635580352155	6.7318050436050596	9.0
-4.0363368874132393	8.2079169799922322	9.0
1.6183913132846128	2.3831369266302520	9.0
-1.6933889014921297	5.0217064032080776	9.0
0.9467130395387302	7.8817994314641808	9.0
-1.5556989015039924	4.1366539971157543	9.0
5.7081826362366614	-7.5382974187051852	9.0
-3.9900773359090733	4.2018691368607000	9.0
-1.8770838624063066	6.8014693706924554	9.0
8.8981439478360898	5.5894590676506759	9.0
6.4648354027887098	3.4775899430388866	9.0
0.3692154164725199	11.9576741740986243	9.0
2.7395147155052335	1.7086494919930455	9.0
