-11.4188892417809562	-5.9703653740509459	0.0
-9.6211744534931238	-9.0486221795311916	0.0
-12.3879803298178466	-10.3059062865012709	0.0
-10.6499754743769408	-7.8329988316909658	0.0
-9.0358561682714704	-7.8063499746146894	0.0
-13.3120077949801967	-13.1001468281925177	0.0
-10.1129840530589235	-10.6047898301597758	0.0
-13.1006702485304363	-9.7503222049030320	0.0
-10.7561794332629468	-6.9557481875534997	0.0
-17.1478887029117359	-13.0897701796956678	0.0
-9.4101799052777828	-17.3324867097964734	0.0
-9.9840266763815784	-12.3198810208904632	0.0
-6.7900258059564855	-6.5109012550070640	0.0
-11.4342402685290541	-9.2618231155085180	0.0
-10.9804817368668814	-18.5743250500683956	0.0
-13.4988866924697692	-7.8525772437140455	0.0
3.7846212770739474	10.0645868041713129	0.0
-8.8843728846308885	-8.9198788614589954	0.0
-15.2507589265924057	-9.4016909674205476	0.0
-5.8308491883899585	-9.1162950332309354	0.0
-7.7390943489583863	-9.4700530665183873	0.0
-13.0053847203558028	-11.0872259383762000	0.0
-7.9658262929781722	-7.5718365943524075	0.0
-10.5633391001408619	-15.6301577183462665	0.0
-10.1859729445577507	-13.5816976859639311	0.0
-10.3336163074772180	-6.3585754715066720	0.0
-13.1863020357842355	-17.1631923041735135	0.0
-7.4634560172874869	-8.8094201410315431	0.0
-12.2357890202548560	-11.5086242431480379	0.0
-6.7787639399169368	-14.8785220649616718	0.0
-13.9682712190717506	-8.6179083398206302	0.0
-14.6474549578528350	-10.4200887205363362	0.0
-11.9734618090330986	-16.2948068848454071	0.0
-10.9617246983669485	-12.9190969099045159	0.0
-9.3500293436612321	-10.1580788178166035	0.0
-2.7973540585539749	1.9134326261999839	0.0
-11.0342390961070436	-9.2295417601955680	0.0
-14.0101887981839273	-15.6185435492267874	0.0
-6.3338574889221713	-12.1668144992660903	0.0
-15.6160196142316341	-11.0167079209116512	0.0
-6.5339654102444777	-10.9320704387819738	0.0
-18.5531762649437511	-9.6987670445178900	0.0
-9.6096129431535484	-10.1225802383344874	0.0
-12.0851934250942659	-6.4927629549572288	0.0
-16.0318079453881808	-5.8147826001789635	0.0
-11.9383036742953124	-12.5714434861815967	0.0
-19.5908055028741224	-8.0432595626281600	0.0
-4.9143403267887482	-8.5559944426365657	0.0
-6.9400030292971291	-8.3139785285344789	0.0
-18.3260662577146007	3.1687649867967425	0.0
-10.7408422182124319	-9.0884461725638346	0.0
-10.4645285217654411	-16.2375739612772030	0.0
-5.8811447733643458	-9.0690457781098619	0.0
-11.3839890310999259	-14.1887181621472216	0.0
4.2802671276854571	11.8161523537980671	0.0
-13.1522147193279828	-17.1470116633859639	0.0
-7.0400200276728864	-10.1682465650255196	0.0
-14.0098550342962600	-7.0184584589957888	0.0
-14.9398352336405633	-7.3282416872217002	0.0
-8.3213912889179174	-10.6114277859353994	0.0
-14.9739181866236262	-7.4842377078770213	0.0
-13.0988887422415559	-11.2751068325175048	0.0
-15.4384884930506203	-11.3639162945463674	0.0
-10.8571756129676480	-12.3301346341640201	0.0
-7.0067868679716376	-12.2805571985070863	0.0
-14.0165041288230015	-15.6041771326548950	0.0
-10.3721716181911887	-11.7258251688760673	0.0
-17.8027822941820588	-11.0480802502722604	0.0
-15.1470095579530906	-8.8157688848744105	0.0
-12.3117487713168092	-11.8261920669516751	0.0
-12.9199437688938872	-9.6720579415006203	0.0
-7.2550185471091222	-8.5224960215858143	0.0
-16.9922424134576531	-7.2059734017113257	0.0
-16.6656343694440068	-4.7110749042329507	0.0
-12.6666549036709402	-12.2631180750338764	0.0
-12.8485372222074581	11.4500098905044183	0.0
-9.8175338652830995	-7.8832507709194273	0.0
-15.5882352261336763	-9.2847520996034003	0.0
-6.2763152134730280	-7.8975954025978510	0.0
-5.0419434131267682	-9.5509216491054580	0.0
-13.4018824163808290	-14.1916743831929537	0.0
-9.3159102618132135	-11.4528582200160152	0.0
-10.2555951651025143	-8.7170533987635004	0.0
-1.7631202152537579	-7.4476756861364670	0.0
-14.8185245734995075	-5.7769645485905299	0.0
-12.9836413440976255	-10.3103970485235390	0.0
-9.0669247633449164	-6.7727855226879301	0.0
-13.5668410669482569	-13.6655975403399754	0.0
-13.7221931077699928	-11.2988941855717488	0.0
-11.9287702277235130	-16.2539425006987983	0.0
-6.2431837995142452	-10.2294752916601563	0.0
-8.5405973578553382	-16.8030475039340992	0.0
-11.3594300684082850	-11.5922844981560278	0.0
-11.2994878014787652	-8.3141204691452426	0.0
-7.4207035890981459	-10.5324738289630595	0.0
-15.4126159652200858	-14.2498921699157624	0.0
-10.0906232556141404	-10.9139320430009210	0.0
-11.3453283150134556	-13.9254321034378581	0.0
-9.9104228800489320	-13.1081257909349915	0.0
-9.7129799404782222	-12.2213683223021476	0.0
-13.6535701803513145	-9.0300286547906943	0.0
-9.4967751602783110	-17.4076218826629585	0.0
-8.3658719175197955	-9.1587803315140803	0.0
-8.2232502385043968	-11.6953333137490709	0.0
-15.3273678749051996	-11.1776318408614959	0.0
-15.6161159507151179	-10.4473236352682619	0.0
-14.4992844891067492	-9.1909350486665300	0.0
-17.3144154376852306	-6.1004197184089026	0.0
-12.8183206791399460	-14.9110080022163665	0.0
-10.1672565758438687	-9.6467531868238456	0.0
-9.9667001636667489	-13.0869513037824046	0.0
-6.3205343143551893	-12.2622054477557150	0.0
-14.5439122798547338	-12.4119103192413629	0.0
-9.0442483623074548	-13.7818107011213957	0.0
-17.4362147737285511	-9.1140688932533553	0.0
-12.2760043532177345	-6.1048146439276954	0.0
-11.5788162874722307	-7.3635757532286217	0.0
-12.1776837865715102	-7.7794360176187700	0.0
-10.1710861165054176	-10.5984733183264588	0.0
-10.1342669072939113	-8.6601392456866648	0.0
-10.9775197948958354	-8.3141999906990307	0.0
15.2760216491204854	-6.0176211619616575	0.0
-10.0694837444346224	-14.0001758427734924	0.0
-8.1390407769149871	-13.2181970162065543	0.0
-12.4002493619253755	-9.1441185757107473	0.0
-14.7418916098438810	-7.4701477342440850	0.0
-13.1069144694267710	-12.6280017120319989	0.0
-8.9175959459920673	-10.3773091459054481	0.0
-12.2658370728850361	-9.8956530479055544	0.0
-13.3264688087219962	-13.8235502772216154	0.0
-17.3894700250935301	-8.9392788536838452	0.0
-8.3369300605940477	-12.5935290011262442	0.0
-14.4627970115323947	-12.4011096246507364	0.0
-12.9979762811904695	-8.2351642730397376	0.0
-9.3910891574341608	-6.8352162257876747	0.0
-8.0249094877777818	-13.0178486295602909	0.0
10.3616696256242111	-3.6996967772817078	0.0
-10.9667195321222852	-16.6611391803828255	0.0
-11.4704939346553374	-11.1997182353082962	0.0
-13.6434914846613928	-9.5998504571566077	0.0
-6.8064210209249820	-11.3379218723167181	0.0
-8.9237645822388298	-6.7433891194157347	0.0
-14.7045014008068122	-13.5906299084126019	0.0
-14.7243138657865167	-10.8341880999252549	0.0
-11.4424102111292552	-9.5814363574463517	0.0
-8.9347312018915126	-8.6848154584692612	0.0
-13.0302678018501741	-6.9959688177995396	0.0
-10.8686620130213178	-8.0324783277988701	0.0
21.5716686683299521	-3.7535561698837316	0.0
-17.0063859683894130	-13.0890020664091473	0.0
-11.7576943139603269	-14.3182772677910179	0.0
14.5512908803332248	6.8827256313691949	0.0
-11.3008331360093042	-10.0579740792058825	0.0
0.0860961006694157	-10.0243382709660818	0.0
-9.0469037336202138	-13.9106775522291368	0.0
-11.3216880511063369	-13.8360877164072527	0.0
10.0727270839250238	7.2281880232166484	0.0
-9.1960626854503982	-8.6326067704940943	0.0
-15.4109398315673580	-12.5113173044534136	0.0
-11.4865472846943089	-11.1936349186968442	0.0
-9.3722813629669286	-12.0362137138384693	0.0
-10.5270110100263246	-12.0865849990607703	0.0
-11.4009458051815500	-8.5103577166272224	0.0
-18.4719093935616456	-9.6213266006544522	0.0
10.6861739943686622	-3.7906176107289791	0.0
-9.1331234517743667	-9.4907370681779764	0.0
-11.5468134049047375	1.7121576680122348	0.0
15.9921035564616805	15.4122831179928426	0.0
-8.2065724080358908	-15.7995691312666597	0.0
-6.9107117509360068	-8.9502458819622888	0.0
-7.4090713793679823	-15.9497419658540629	0.0
-14.8564921613469583	-13.5524219769996215	0.0
-10.6520293454460617	-12.2627010460487309	0.0
-7.3776240509157169	-8.7084029187742455	0.0
-12.0128007382221291	-12.2578443538730149	0.0
-16.9444110392655887	-13.0796195611425343	0.0
-10.5244176006434955	-15.8674439131626759	0.0
-11.8454791170441371	-8.6339622353470311	0.0
-11.7108511354097438	-7.2019622833247681	0.0
-15.5342415297125758	-14.3364245850977561	0.0
19.6016714940298513	-4.7006632309601946	0.0
-13.7801459153862726	-13.6844194237151964	0.0
-8.1412561073477185	-7.6014980736820448	0.0
-7.6120601346780488	8.5428314653452979	0.0
-15.9737574600622754	-8.5250074378103733	0.0
-7.3987352259800883	-12.1220143711043100	0.0
-12.4817388187872709	-8.2110287866830252	0.0
-9.2223368966264587	-11.2700343211562029	0.0
-9.0101624667584748	-13.0265091413254890	0.0
-16.3869646409787784	-10.5521667426052339	0.0
-13.5894714251914426	-9.1672076459282970	0.0
-7.9013665279217946	-9.2766785172255606	0.0
19.9713102528711879	-6.4782956449642128	0.0
-12.4781043111845804	-18.8481634034216761	0.0
-12.6765688758240636	-10.6897572748597867	0.0
-11.4153447588547117	-9.9490521921677413	0.0
-8.4423434108036002	-8.8852008855667108	0.0
-13.1787127880368367	-10.9388760002849477	0.0
-5.7308057222583715	-12.0073207802691133	0.0
12.8051979848924127	-2.7059873716399796	0.0
18.3618590828705024	0.9314652884458303	1.0
18.6407779188393299	-0.3988126000075666	1.0
13.1237984810982020	3.6853294846665419	1.0
4.0613302377749232	-16.1126170482378726	1.0
16.1265220948667896	4.1932406979287054	1.0
17.8440287620630649	4.4222324424106558	1.0
11.6812137656950892	0.8720966496379802	1.0
13.1459258937125760	11.4806958880751218	1.0
9.5327055582425011	0.7706467806268781	1.0
14.0561642445650907	-1.7059349230930132	1.0
17.2144878603076990	5.7024690071173794	1.0
-13.5814626247868997	9.3555185994639558	1.0
10.9207692687540927	-1.5593394079357217	1.0
14.5864126241887622	-2.9164332340195083	1.0
12.0368580698044543	4.4229519197535465	1.0
16.3271216323721902	0.7386561237730526	1.0
11.6405043769430723	0.8261016344032699	1.0
19.5053842696547619	-4.0755652015471142	1.0
12.4005302754837725	1.8127901795535477	1.0
21.1685561215646771	-1.0789528955027028	1.0
14.9240452913691577	0.3448224612674368	1.0
12.8981555519448658	-0.4812500150977096	1.0
19.1173602826054960	-0.1302326019829320	1.0
4.9386603202146109	-15.2151030169767942	1.0
11.8636364375840433	2.6706352795772514	1.0
14.7520316140485246	-2.8911547443084933	1.0
15.3547931691137212	3.1263207905649884	1.0
17.1516578206479977	-6.6473350697684355	1.0
13.2907536914565050	-3.6607946053467169	1.0
10.8796566824266243	1.5554556282354020	1.0
9.4008461985316831	5.5445211115674358	1.0
13.8446975484012249	6.5626545697012588	1.0
14.3384721684303447	0.9035687871046008	1.0
13.8525152938258138	1.9460281120041585	1.0
19.7099625906665779	3.1131699703793370	1.0
9.4523258741050444	8.5887397906280825	1.0
11.0383054545935799	1.7609913209454671	1.0
17.0644081660906153	4.0169664687367739	1.0
14.9676863988255349	2.2813749013992255	1.0
15.7813397044564123	-0.9737855014679117	1.0
10.4480047401047909	3.2184807552584562	1.0
18.1746537380981898	-0.1940457249707022	1.0
8.8464598915260542	-1.8427011612556994	1.0
14.3660610190802860	3.9978356364514638	1.0
10.6544279742903854	2.5075456537543914	1.0
11.6379240943790752	8.0374364902642874	1.0
11.7821487508870923	9.6278508100028919	1.0
11.7880895173286291	-0.0549882678549074	1.0
20.7426844174720628	4.3674541746398043	1.0
14.2035204637086743	3.1128052026497932	1.0
11.2586396992180777	3.1123587398601491	1.0
10.0157365811186185	3.9556137209141475	1.0
17.9390417285843249	1.0274028092066236	1.0
14.8900363090543912	1.3354378917009491	1.0
14.6462614752186724	-4.1343441829351590	1.0
17.7637164394339564	4.2537816956996624	1.0
14.4633946701301674	3.8445563938056875	1.0
17.4061370695975270	-2.4396697331929706	1.0
13.1124485132695821	-4.0895734198016376	1.0
21.1497423881492210	1.5535181054304126	1.0
16.0865648261490222	-4.1971926701845765	1.0
11.0360284476086932	-1.3315129097491121	1.0
-6.3301115329550699	3.1492918695405789	1.0
14.8666002027886197	-2.0785336144041651	1.0
10.6536170521406834	-0.9318394777908545	1.0
-2.2506600302337678	11.9225484445792684	1.0
-5.9125548140534194	7.1785694162276403	1.0
15.5959297845857954	1.0092777611945549	1.0
17.9274766272058521	-5.3676972043226927	1.0
-2.0957023968281483	-17.4270836439562764	1.0
12.0270509106036609	1.2958619011427801	1.0
17.2767427450227089	-3.7301359806849979	1.0
17.5754238317960123	-2.4093418305125551	1.0
14.0591950908176155	0.0564661849321797	1.0
18.2985773163423389	2.5091439911042377	1.0
12.5468804955631708	1.2945940394844164	1.0
14.6469341902086239	0.3576224692855315	1.0
14.7495197193632830	-0.4410013577347344	1.0
13.0257554223319687	-0.4833181438028781	1.0
-1.4100703523203197	9.3097145374440657	1.0
19.1452845540712531	-2.0990149738893344	1.0
11.2285926436566417	3.1564761745180347	1.0
13.9926996796400029	1.0180708926016842	1.0
16.1131189016240803	4.0249339462782974	1.0
8.9711563446455269	-1.4055544008544809	1.0
12.1602280840448724	6.7386359283981827	1.0
-7.9289656835361404	3.0653930448022080	1.0
11.6007759562055419	-1.5095614399190249	1.0
10.7539339333159845	1.8093499758262470	1.0
15.5799007049630927	-0.9324597898254352	1.0
15.0714086334888826	2.8844740731747094	1.0
13.2049022872594080	-2.5828201310639671	1.0
14.0390229606780537	4.2255463812200205	1.0
15.4036705469143627	-0.0616362007594159	1.0
10.3803921298677118	7.1827402660387580	1.0
11.3915803855334588	4.5419979251232281	1.0
12.2563331030335263	2.0194420848123382	1.0
16.0192820793860307	5.5506848824339450	1.0
9.3547995817697789	-3.8274980695588923	1.0
16.2156670606626925	3.1587023236786838	1.0
10.5854599296966345	-0.2485909691852749	1.0
14.9942915742298108	0.2304238723958500	1.0
12.2529272074148885	2.5638337540661467	1.0
7.4740583082779413	3.8636783931362495	1.0
17.3459206156771089	-2.3035371315565163	1.0
17.5517188182589550	2.4292071258798882	1.0
15.7182546979163345	-1.1043577656641899	1.0
-0.4492464401037926	21.0474787179842941	1.0
13.5786838886358687	-4.0953348488306300	1.0
12.1455855656922935	2.2465191244581395	1.0
11.5433191230260324	-0.2279960050769479	1.0
11.7727888752246326	4.7945139409330402	1.0
17.3562228353081167	7.1795441310501520	1.0
13.4217777233305089	-0.5520949223991117	1.0
6.1640870090522641	-3.9135614319944234	1.0
12.4140611984616740	0.3009009761956045	1.0
16.3410040489502393	1.9501272329436166	1.0
-5.6510606667698173	18.3332451231407809	1.0
14.1421844619244812	2.5679239005034011	1.0
13.4112567445115687	0.9035763446315292	1.0
9.9394299525850371	0.4176530667575622	1.0
11.8254128979882207	1.2940724413554583	1.0
15.7147214962799904	-0.1767529531637032	1.0
10.1617701999137360	3.3215819940281088	1.0
10.4994896476620241	6.5268291776652125	1.0
10.5112063182590383	3.1876411569776790	1.0
8.8890764002332681	-0.3587398871590488	1.0
12.4269829957834226	7.9026731556371335	1.0
11.3240662101207601	-0.7963681631447804	1.0
13.4210942797328716	1.4623556456702349	1.0
12.5708318188048800	2.3782020050609249	1.0
14.8005063738543967	1.4147982238229060	1.0
17.7160853507612970	1.4356310417341360	1.0
14.1338826616899933	-1.7633698328729459	1.0
12.3634803416974002	-2.5341839785497444	1.0
16.7172728328321725	-1.1645793570540126	1.0
16.1271658297740039	-2.6101661217392000	1.0
12.6023953934255619	4.7821409319605808	1.0
12.2097243403050459	-3.5469414776265036	1.0
16.2519766512489241	1.9259774160794711	1.0
17.1931279893055091	-3.6207587083237485	1.0
18.0375089769336050	-0.1474969604231720	1.0
10.9986789812299843	1.5187445008614153	1.0
15.7572424952117363	5.9783098298528303	1.0
9.1821697045586532	5.5543474619318562	1.0
17.1511419941962302	0.4054777915335827	1.0
16.0952863654923704	0.6156631483769166	1.0
13.2736739924015712	0.4776514669653590	1.0
15.5496085290815369	0.0124749386216055	1.0
10.8525853232886593	-2.4606470761000905	1.0
12.7310937189458624	0.7585300453620690	1.0
11.8961887562313926	5.4432590220613886	1.0
13.1757977617578348	3.9415512837624460	1.0
14.0908435891879318	-0.8676950682135129	1.0
9.3626242340871233	-0.3080471281386095	1.0
8.7566778827602132	-1.7919988133129121	1.0
19.2973807987317478	1.6541905845782943	1.0
9.3083307082975484	1.0195246897681429	1.0
13.6691000367230160	-2.3946404562073744	1.0
13.8087401318511969	6.3609964130055063	1.0
11.3685961820325261	-1.5144434789121122	1.0
9.6757041461950504	0.8046831530651762	1.0
16.8397364687565592	-1.2029298169156262	1.0
16.2453696293374428	2.9770513123713491	1.0
16.2141556732730727	2.1152491768356154	1.0
7.9592844537147940	-3.1156037200858058	1.0
5.9064634301278565	-7.8410775729266691	1.0
14.5055333789617436	-4.0235531403815514	1.0
9.2898162257594592	1.2202267895118819	1.0
15.1443158069320951	-1.9644046399150887	1.0
6.7522166505563144	-3.3541525002908670	1.0
13.1104760220357726	3.1915199702161829	1.0
13.2064225889531901	2.1177274435527527	1.0
10.8820921491546176	-1.8058224732562749	1.0
13.1375609134806783	3.2124465958001265	1.0
-18.8497612213444903	-1.9306883856071753	1.0
13.1016640310715591	9.0171006697272702	1.0
13.3263562336219952	5.8665794780996503	1.0
15.7110798658090776	4.1287218516556150	1.0
2.3686844091995449	0.0025637223761158	1.0
11.7875036883809194	-2.8348353914307269	1.0
15.0681533756248296	4.7875389701927213	1.0
13.0166758927447628	-1.0272189573150523	1.0
13.0799006759876377	-0.5079826231516010	1.0
8.4636122717184978	-1.9735829177150317	1.0
11.8321427729823316	-1.5087336895091292	1.0
17.6522928123511242	1.8418707433363943	1.0
13.8772518975066887	0.9053457896653007	1.0
12.4768121126244829	-1.5590240781007181	1.0
11.0094592242985350	0.7138340141687426	1.0
12.8403357425693887	-0.3358263379524119	1.0
-3.8982371927043684	6.8290730658010563	1.0
10.6098762767274515	7.2119288547222729	1.0
10.3518569411370418	-0.3017653758528172	1.0
7.4424670365223120	1.6299056328862325	1.0
14.3772632148685222	5.1552848569553893	1.0
3.6424511885578572	-15.7915514127123764	1.0
13.3045984527868590	-1.2646932875422794	1.0
14.3595581368967142	2.3408279669201004	1.0
13.1770152456210141	-3.6882209032822555	1.0
-4.7226433735107793	-1.3696325656886885	2.0
-13.0903091895181696	-2.5541013776577679	2.0
-7.1985224642118526	-1.8758985975298887	2.0
-7.1140368489857915	-4.7112141811024975	2.0
-12.0929465670991512	-3.9514963688347793	2.0
-6.9840504088409396	-1.0711599502218747	2.0
-3.7552532977272906	-3.1398700328127238	2.0
-11.3072442137589011	-1.7512895611892056	2.0
-7.8660569361540320	1.0681832270506069	2.0
-7.0793144423311318	-4.1337568640435300	2.0
-4.5566306127995899	-3.7478080475027817	2.0
-6.1861740666846963	-4.2156447408363746	2.0
-11.8124494707444025	-3.5642025407632327	2.0
-6.9942652603177606	-2.4939285259833626	2.0
17.4618088587294018	-13.2345374583375328	2.0
-9.2860738848549573	-4.9740231756893163	2.0
-10.0624182709613201	0.6956559820688791	2.0
10.5168374696404108	-8.1196177629018056	2.0
-5.3611840523871104	-5.6411470164788637	2.0
4.3578641721305331	-6.6173142583287730	2.0
-10.1334835116632416	-3.0809646878805292	2.0
-11.6305613957766756	0.2848245289048299	2.0
8.4816520366997281	6.9393437534532927	2.0
-8.3275245969219966	0.3095027947306678	2.0
1.5202931754817397	-6.4155167441263794	2.0
-6.5630464983607180	-2.5085826994437279	2.0
4.1731221824585125	-7.2166519286079138	2.0
-6.9239414847298635	-1.0634237496215879	2.0
-7.9006473074385344	-1.9190958509273361	2.0
-12.6798933262308271	-3.9232587903989686	2.0
-10.1624588185341942	-0.8607966497148796	2.0
-8.6099694536055260	-2.6891530458706021	2.0
-9.4220287407419772	-4.0564596670248276	2.0
-4.0349742428981870	0.0566557554064678	2.0
-6.4575614114004605	-2.6182093495225045	2.0
-7.8943943389892164	-1.2556118425350418	2.0
-5.4834800401466302	10.2675690725051432	2.0
6.6217199272639826	-5.9805923156933858	2.0
-15.5842054802493575	-2.9541911900584452	2.0
-13.1897940817013097	-4.8463526079676491	2.0
-13.5625470483054489	-2.5675661826048386	2.0
-9.8880522776096367	0.1833937098905725	2.0
-5.3393818596439386	2.6679168825694068	2.0
-11.0273518218520863	-2.8349401649653667	2.0
-4.7751363019540989	-3.5737576910285647	2.0
-8.9001921484021622	0.0125909400033555	2.0
-12.6584591247884752	0.3712400502454268	2.0
-4.4822889478125596	-5.8326228424281297	2.0
-5.6426222010974749	-3.2855306664794606	2.0
-7.6756009972291590	-2.9919428107419686	2.0
-7.1018130221328191	-0.0875200226305450	2.0
-9.0202559972088672	-0.2499797561046886	2.0
-10.9504667741904189	-0.9378315529457815	2.0
-11.2727922291521629	-2.1233149609928321	2.0
17.3089215162999182	10.8328671719096459	2.0
-11.5593164590650623	0.1692554854212248	2.0
-10.4988638731885118	-0.0792972346370362	2.0
-8.3400163782013141	-2.9489781398905111	2.0
-0.9472869378838502	-5.0564501320828983	2.0
-6.8342206166937967	0.0619789357996447	2.0
-8.0702911289569812	-4.5745172365868907	2.0
-15.3010658090502307	-4.1658509991110133	2.0
-6.6936829632379107	-0.1181177606538284	2.0
-8.1542987656122889	-4.6711999855673421	2.0
20.1744117419257947	-8.9542047200893187	2.0
-6.8770411845984691	1.0586927641450985	2.0
-7.1066436959240162	-1.0845934698058906	2.0
-10.0021807654690189	-2.0367618890625065	2.0
-12.1415746526146613	-0.8453831498430201	2.0
19.0831876871996471	6.4900045077211654	2.0
-9.9591189055784461	-3.8501700175661582	2.0
-10.4519205295533908	1.7313768567750087	2.0
-10.9065776503094369	-2.5771262836428681	2.0
-11.2488921873815801	-2.3580507657824614	2.0
-11.3593693713947719	-4.3933296507006938	2.0
18.3991463961547090	10.1615893128681538	2.0
-12.3007617134137828	-2.6252642470089347	2.0
9.8981949231758257	-2.8489548734129206	2.0
-12.9717204742101124	-1.9891078288177382	2.0
-4.3213998858056319	-2.5063382447572660	2.0
-8.2767400942206617	-1.6854098346684310	2.0
-15.3858788198239971	-0.6310429893117232	2.0
-9.9684604690923351	-3.9964371293059862	2.0
18.7719029986241104	13.9007556780819872	2.0
16.4720115038606991	-0.3043006160738853	2.0
-10.7245285612333205	-1.4246314586662856	2.0
-9.4747670361637191	-1.1611530519010658	2.0
-5.2489618304310248	-2.8423410413001777	2.0
-10.2846378486589742	-7.1426223493387546	2.0
-12.1878326193230908	-0.8821456375719360	2.0
-12.3139313733637472	-1.9476813139508655	2.0
-9.6596051823956586	-1.9812769440919575	2.0
-7.9019628112051672	-4.0951990942427088	2.0
-13.2175961194350631	-4.6430073316153155	2.0
5.4067825766839768	9.2841311346228395	2.0
-11.2323108590839844	-4.5309249654333010	2.0
-6.5631970777354445	-1.9869211350361466	2.0
-13.2993833562202077	-1.8668910226048281	2.0
-9.0305525147853292	-2.3344393094890359	2.0
-17.1312098561652029	-2.0926002719770485	2.0
-8.0930618526737703	-1.8457438887068889	2.0
-8.4072985521768864	-0.6603307715758269	2.0
-8.0828521245423470	-10.7861948204398939	2.0
-15.5046960288319529	-6.6559026953090896	2.0
-4.5028068437508049	-3.9544940803045558	2.0
-6.2067266420145932	0.7807579502582568	2.0
-10.9409048614132249	0.3768023208138250	2.0
2.5958487431013104	-7.4020384660404792	2.0
-11.0750180045074291	-2.8341048318285806	2.0
-6.1314320786347194	-0.5600025060275069	2.0
-10.1107448050298068	-2.3502945695844724	2.0
6.3141065033923018	9.5615317523527992	2.0
-7.5942768406502283	-3.2494580381580067	2.0
-5.9625138315700221	8.4918029409493130	2.0
-14.1272227028122543	-3.5751232170177425	2.0
-9.2909225790872263	-2.7643851140639257	2.0
-4.8484755503770884	-4.2293262587129377	2.0
-3.4651806118443824	-4.9266479053177621	2.0
-11.9600604077058463	1.6950212037793473	2.0
-9.2022907109205789	-2.4657154894866071	2.0
-15.6219207248553431	-2.9623773916988179	2.0
-0.4021136406616800	-9.3245499342963090	2.0
-0.4579578174080662	18.9315487947904195	2.0
-5.2991500759417685	-5.6834229269414731	2.0
-8.1083293682004225	-4.6286121162702454	2.0
8.7836579689021317	-5.1870025584426953	2.0
18.6509954431667069	9.8902953724848484	2.0
-12.8546718016668731	-0.9135732786708131	2.0
-11.3469720637250191	-4.3971916650913245	2.0
1.7498782853734125	2.7692945386949903	2.0
-13.6856845737886452	-3.2727472314803716	2.0
-11.7542258905905204	0.3826785596992339	2.0
18.6008520166581341	8.7644465395086986	2.0
-13.6891351943916533	-0.1952454223918526	2.0
-6.0776532502730864	-2.7215715988657609	2.0
-16.0283404865803902	-0.5223253498231836	2.0
-5.0620630197157519	-2.6630305425467657	2.0
-14.7626144747211949	-5.0283453363702693	2.0
-4.0957245188774936	-4.2526790259359233	2.0
-9.7416910610873479	-0.1494336118143733	2.0
-6.1302273295345371	-3.8313757034726375	2.0
-4.8666464103479630	-2.3689482116421199	2.0
-15.7068422014921989	-1.0318435409674407	2.0
-7.6084889048039237	-3.3652573702206414	2.0
-9.6518295350426264	0.1157996051423350	2.0
-16.8552632025065066	-0.7572764495580105	2.0
-8.1032893118604417	0.8959279743752238	2.0
-8.1729264996603082	0.3470071701866534	2.0
-8.2773885463501546	-3.3443756027336806	2.0
-7.2294900239136455	-3.8094461466226317	2.0
19.6722090115714856	9.7158570002457214	2.0
-6.4547830862638857	0.7053223254789431	2.0
-8.0817260228229202	-1.2445976948348720	2.0
-5.7446898707694638	-6.4630378611566535	2.0
1.2871103850596777	-7.4993698944749285	2.0
-8.1649685116261050	-0.9618061438489112	2.0
-5.2452197086868653	-0.2004794291918272	2.0
-10.0720396426964207	-4.2144806173781175	2.0
-5.4694729420213317	-4.6960618539196357	2.0
-15.0846266329387912	-2.3377786650397789	2.0
-3.4574419725493537	-2.4764788494504004	2.0
-8.7761115286909419	-2.0145739564237819	2.0
2.4632215492018146	-7.5519124179475039	2.0
2.2466613956902810	-15.5979412279586693	2.0
-14.0306346063156369	-5.8334824760709427	2.0
-5.0121527466213340	-3.9593967488539037	2.0
-6.2838661435670389	-4.6024873226415322	2.0
-9.8021664220070601	-3.8766375201070504	2.0
17.1501109307900208	10.9309437079113430	2.0
-4.2098545213309597	0.0815478988108994	2.0
-10.6200708119803142	-3.2151357493103108	2.0
-14.4634990802049224	-1.2885656857095222	2.0
-5.7502625498482418	-3.6683780652097933	2.0
-12.9143538440466283	-2.1597722548598535	2.0
-11.2740599766139233	-3.1392008713242450	2.0
-7.1607137106401408	-2.5354564719312127	2.0
-11.7977353524372095	-4.0474615691407356	2.0
-7.9114189852546488	2.1077569754488326	2.0
-9.2558709230200247	-1.2919544289153386	2.0
-8.9198491485549152	0.9161343889173322	2.0
-8.5403708251874004	-1.7794382234151278	2.0
-6.5444398807875723	-3.0971616568072244	2.0
-8.8476420164074945	-5.8272004329370031	2.0
-7.4690205214332019	0.0387869069591662	2.0
-5.6691565618460062	-0.2004390988204961	2.0
-11.1999114932361792	-7.5808302901612361	2.0
17.5374913103015402	-13.2829858199888253	2.0
-9.1627290306462665	-3.6055919969646459	2.0
17.6257075165700776	10.6296335715029056	2.0
-10.7083065097310826	-0.8633502302390750	2.0
7.9391734397024463	-18.3872579531218250	2.0
-15.0996955537534863	0.8574739843418879	2.0
-7.7312778585870872	0.6204423381348348	2.0
-6.1404733752777618	-1.3571214370182698	2.0
18.4283787877854515	10.2360300192681937	2.0
-3.8052243687295655	-8.3467550588584754	2.0
-9.9751000361341209	-1.5297862314756605	2.0
-5.6559424382301113	-1.6534027598659806	2.0
-3.8767390202728880	-9.4857310283713243	2.0
-5.0557297153805187	-3.2868211478620606	2.0
-1.9514473478763277	-1.1442518040427372	3.0
2.0925691722133419	-3.4130036569474425	3.0
0.1053729624515253	0.2564903679248405	3.0
6.0587930023585326	-4.6563371853379740	3.0
2.0539707307710562	-1.5733080557897394	3.0
5.9388148787495281	-2.6221950505931431	3.0
2.3983181351606282	-2.8492248580912585	3.0
4.4578402889985291	-0.7104680727082223	3.0
0.4615614825835727	-1.7017185752452788	3.0
5.4288205679995567	-3.6127821335178965	3.0
-0.6880841385173465	-1.1662861989431526	3.0
0.4393180273936870	-3.8765728915603890	3.0
9.8417123834908988	-1.7038787641804949	3.0
2.8296744631543325	-3.9606869388361496	3.0
1.2699416242047465	-2.3076420073922534	3.0
-2.4954473234857155	0.1394793069386551	3.0
-0.2079347800367304	-5.9279622721435530	3.0
0.7348023454246826	0.7300424542549560	3.0
4.2294613924396494	-1.8799355423586894	3.0
3.1419348898110178	0.2661284729148851	3.0
3.0108746240043143	-1.5792083613410715	3.0
2.1940861564337539	-2.5387658530797759	3.0
5.5756013303395315	-1.5863093251204401	3.0
6.2848974781246616	-0.0557294781880895	3.0
4.4651383646541394	-2.6925816122733566	3.0
5.3420181431042861	-2.4514286510478644	3.0
15.1164827756347258	-3.2321201239872517	3.0
6.4997822218747352	0.6834208063244693	3.0
-2.3642745126181501	-2.9793156012998585	3.0
0.4216501392477816	-0.3513709995473540	3.0
8.5738305701865176	-6.8631937852846736	3.0
-1.9306539459185719	-4.2022177138887367	3.0
3.3531458977987092	-0.2215265683228650	3.0
4.9428532147130344	-3.6369900134256699	3.0
5.1507361372865343	-4.4590870301510632	3.0
3.4011437528741948	-4.3333024400728872	3.0
2.5166084969526916	-2.9014312705281946	3.0
4.4705461957391144	-1.9129995789383158	3.0
1.4338743261600324	-3.0967146260220160	3.0
3.1548343596186625	-1.4425499752008244	3.0
6.8617949922477113	-1.5812447095335453	3.0
3.0328709625429564	-3.4290440648757672	3.0
-0.5751052317020882	-1.5951828321250945	3.0
-1.9427640034281104	-4.9909279503192270	3.0
-1.0266634967924915	15.6231239230291479	3.0
2.7186641580809399	-3.4166274846087448	3.0
2.5519948869855007	-2.1081177187465663	3.0
0.1029054146942913	-2.6460588257012123	3.0
0.6745448831609738	0.7805823598293280	3.0
2.5398490634604363	-1.4427845824478975	3.0
0.2208391467985608	-7.6137139403173180	3.0
4.4250902212070624	-4.9135614970251646	3.0
1.2131595781702125	-1.5687510092229819	3.0
0.6263527558698593	-1.8425902237029650	3.0
-4.7384978083162297	2.6334104310467512	3.0
-2.5099670836853032	0.0210142148616770	3.0
2.6335536347626465	-1.0508598864830530	3.0
-1.7597670334965896	-3.5139221856608449	3.0
-0.2428412103823731	-5.4140830184937272	3.0
3.7569825745039367	-4.7354319164134848	3.0
-2.4234995855352404	-2.2178651985012028	3.0
0.7674647475259286	-1.3562301103753842	3.0
4.8643079865466587	-2.2045763703408885	3.0
7.0300429020234851	-1.6476495250289915	3.0
2.2063877618841312	-0.4819503361751796	3.0
0.0209787137796241	1.9790402038109398	3.0
2.2473877050764659	0.5708424355380496	3.0
-1.1852775916495208	-2.7034692406297647	3.0
18.3107141084522418	-7.0348664717860574	3.0
-0.8963083887937524	-4.7201811601079706	3.0
1.1477574807954400	-5.0635546497165649	3.0
5.8028582680842664	-1.7773463097755986	3.0
2.0591014427099821	-4.5338718816338348	3.0
-1.9686543665614864	-0.9194125755601540	3.0
3.6909459302943644	-0.7634372955985543	3.0
1.3019705789691320	0.7621889801825970	3.0
1.9882625954858362	-4.9596994257134455	3.0
3.3024113820484620	-1.8838161790889525	3.0
-0.3446380336111157	-1.9492365003409688	3.0
-2.5433177761498493	-5.5050827839256433	3.0
-0.3310048138064714	-2.6439155861580650	3.0
3.9906202074945392	-2.8952187771519475	3.0
5.5557221650422308	-5.2797986598313678	3.0
5.7758924290335099	-5.8568612174819457	3.0
-8.3214702391870343	-6.3090139865775763	3.0
2.8050665300299311	-21.7978668240530169	3.0
0.2218783932671588	-4.9165811517564100	3.0
2.6918478715247129	-1.0389883692704689	3.0
3.9232583432376771	-5.1972634469153878	3.0
3.4529623970547374	-1.1281903794180301	3.0
0.1501858251253541	-2.3593743244160010	3.0
0.9634691529312690	-0.1179996235416633	3.0
-1.3850648157666525	-0.0920208944348577	3.0
3.8696399387688407	0.4094929971761200	3.0
-0.7186246759050184	-0.6387987507513996	3.0
2.0233622854622118	-0.6167823554887255	3.0
13.5541207815795488	-4.9933343113302380	3.0
3.1066874617712958	-2.5232061547732378	3.0
2.5249721918495118	-4.4956196490504903	3.0
-6.9166250536237968	-5.8523035534618844	3.0
-0.0236713696149725	0.4299449203903740	3.0
2.9172559217648391	-0.1887764250875456	3.0
4.6923588538682184	-1.4374662521322885	3.0
-0.3414623451590167	17.2676841023717813	3.0
16.2886858008487003	-5.6621714470137050	3.0
2.5321324716127678	-5.4826126719893162	3.0
3.1477583032887084	-1.7576556269474795	3.0
-5.0412727159932524	-7.1462261105616696	3.0
3.9533941897067768	0.2969830779052900	3.0
7.1095130849711126	-2.6373411812851200	3.0
-2.0038390264430732	-1.2424968454290106	3.0
-0.7394573803273778	-3.7985990737748425	3.0
0.6758777768629523	-4.1218319989041152	3.0
0.8888537885884958	-2.7354791593777752	3.0
4.1644932659205187	-4.3029236184634723	3.0
3.0255423841099160	-6.0873630389736002	3.0
-1.3602290780650148	-5.7892949821125592	3.0
-0.5210932208572376	-2.6807684313768778	3.0
-1.0746887748029879	-0.8876113540133357	3.0
2.6780519349346963	-0.3764105168754518	3.0
3.5057627233742128	-5.6197139202360011	3.0
3.7440762114878199	-2.8870820415399994	3.0
9.7762087655266789	1.9705036772474953	3.0
0.5340866310895563	-5.9960324754213561	3.0
1.2783153032687429	-2.5695151116977932	3.0
6.8565764878792974	-2.5679808019334076	3.0
4.3768354749803127	-3.0796534688612156	3.0
-0.2814029825552851	-5.4067678360964289	3.0
0.5211537739962591	-1.1676805133317971	3.0
6.5467361755536029	0.2448796431620053	3.0
0.9940574660717825	-5.1128819686277183	3.0
1.6365144543055183	-1.2393856520333093	3.0
4.6911258703590075	0.2067282504969898	3.0
-2.7484188071799105	9.0539987228823566	3.0
21.3387664934107590	5.8665796788349320	3.0
10.3987710646772005	5.2196205448873432	3.0
-0.3252786002095643	4.4992867147353284	3.0
2.4111998744543524	-3.9720530815102708	3.0
7.4606973934837262	-0.6192216811237488	3.0
-1.4188347584548207	-2.0822620928461424	3.0
-0.0539611222169438	-3.5101424645759334	3.0
1.3904589209334905	-1.8139826325095476	3.0
13.9908255207319936	4.8603987899668901	3.0
4.4059641896195352	-0.9715001342945754	3.0
0.0266270435790958	-5.3325590651027666	3.0
2.1533041182078154	-0.0565479455784944	3.0
1.2628094348527157	-0.2662913934936449	3.0
5.8530986854026370	-3.3796633129242695	3.0
1.1251634120564786	-4.2824734938632938	3.0
3.7559625174274940	-3.4076119427125304	3.0
6.6315595680985631	-0.4766489753367854	3.0
3.2515846460083320	-4.0492187905549413	3.0
6.9512387047885973	-20.9003626340144883	3.0
1.1829832350344571	-0.3734549952597190	3.0
2.2053959405492072	0.8720545704245579	3.0
0.6180724261707812	-1.4783902112283256	3.0
4.2950564031612615	-5.1978151084679274	3.0
4.2462711969699694	-4.1308357482452509	3.0
-0.4345231709552226	1.3906802096425546	3.0
3.4823279473588378	-4.5126464896544585	3.0
6.0484738439898162	-1.8360149973458295	3.0
-0.8419838275801614	-0.9748068830426796	3.0
0.7041978135024740	-1.2910565397296079	3.0
-7.4196301139167646	6.6440554330095596	3.0
-0.3531054820929447	-6.1545394208604849	3.0
-3.1048437344910522	-3.7802297955929429	3.0
-4.1773988050073623	-0.4860345306375822	3.0
1.8090520539089512	-3.4366024314346868	3.0
-0.6636653236495725	-1.9948889885640433	3.0
5.7868111293616780	-1.0621119123700420	3.0
-0.4393985568067211	-7.1414680770215213	3.0
1.3896691045743621	-1.0002612047847763	3.0
-0.7818441131143888	-3.5760479412793580	3.0
-1.6123415669431185	-2.0462934736821938	3.0
16.3689254221987248	13.3251667014575528	3.0
2.8404557434754376	-2.8510257789547317	3.0
1.2438881084150073	-3.7544850689945530	3.0
0.0695682974244908	-3.3422681339834903	3.0
1.1110923010961264	-2.5908840297652103	3.0
1.5253821191569827	0.3591121962986958	3.0
1.4643010895184767	-4.0172704736918590	3.0
2.4407051240525885	-5.9743110421526984	3.0
2.9805861739270192	22.8224807299323658	3.0
-0.1547229478863341	-1.2135973268785221	3.0
-1.6583361527042750	-2.6306339287034919	3.0
1.9790369323734123	-4.9048590197535544	3.0
1.0912062618016214	-6.9807915886217007	3.0
7.4829391003959866	-3.9830590073669576	3.0
5.4939868117256632	-1.2771348759152397	3.0
4.1125237548123943	-2.5030073118955327	3.0
-0.3652310441912555	-0.8017995308417449	3.0
1.5506437358152789	-3.6228970543891394	3.0
0.0312577047962952	-8.1812569269167437	3.0
2.0101007802624977	-5.1108119545250474	3.0
-1.4137488135393810	-0.0026379650450966	3.0
4.7338846348245003	-1.3886255649949120	3.0
-2.0268718554243685	-20.6499801781125889	3.0
8.5839381520371827	-4.6768839452541053	3.0
0.4024708663339801	-0.7832818894765115	3.0
-1.7785407811857878	-4.9574428864701980	3.0
-0.8956079948952996	-11.8945596403503924	4.0
1.0068188464521617	-12.6935197560002511	4.0
-1.9341973689142966	-13.1468673629018422	4.0
-3.3862967055329243	-12.2577236936069891	4.0
-3.9881036643535213	-19.8508762176621296	4.0
0.5042806720294227	-19.7549398146378685	4.0
-2.4769616979474409	-8.9490153473097145	4.0
0.7921726612395681	-10.1352632315066149	4.0
-5.4064219594575755	-14.5270731539024975	4.0
-3.9742352014440825	-11.2707577903080995	4.0
-0.0958894891610310	-14.4662750132344691	4.0
9.3391967284014310	-1.7901630718764086	4.0
-1.7265843155314247	-15.3361510065463378	4.0
-2.8870486364378576	-14.0714871207408283	4.0
4.3174061827646666	-14.3910582768981232	4.0
3.3176600182464591	-11.1179300732917259	4.0
2.8682975152283565	-14.6128418354519169	4.0
-1.5707979710431226	-10.1954900317232582	4.0
-4.5256034258332152	-10.8056311818578692	4.0
-2.1275828087988153	-10.0364808105897438	4.0
-3.6441142633463661	-6.8679715114098645	4.0
-2.5160103395608258	-15.1999728655879807	4.0
-2.2954583163318758	-16.7774255940118167	4.0
2.0147956685513102	-15.5009906913773658	4.0
2.2281801289849503	-12.9923714009446911	4.0
-2.2220234014448401	-7.7890586274669174	4.0
0.7019949478055404	-16.8121352919123375	4.0
-3.4971883645149426	-8.1740856704390161	4.0
2.0750385494240682	-9.9721862077363639	4.0
-0.1140605829797176	-11.2579609088268437	4.0
-3.7599490311072135	-12.1958191858908034	4.0
-6.6473333611626240	-17.1136244985450006	4.0
-1.3621587209065680	-12.1977918157363945	4.0
-2.6660395455615280	-7.9785462975347370	4.0
3.0905309468686628	-13.5873143902390332	4.0
-2.0146438531519979	-10.7921963611667966	4.0
-4.0024676113399016	-6.9244786796466080	4.0
-3.1780369671644313	-11.5874685683760923	4.0
-4.0433590764996818	-18.4333904840915110	4.0
14.0289839351112615	15.0089081308564758	4.0
-6.2232762354262432	-5.1070135555024541	4.0
-4.5677271621646973	-15.2390170025979916	4.0
0.4481084952460689	-10.9256753678815937	4.0
-0.4249788155787577	-18.6007607981100271	4.0
3.7566687429509935	-18.5494253049375750	4.0
-13.9005204087082586	13.1419821079915025	4.0
-5.0078133068625128	-12.6345947693444565	4.0
-2.9895820245349247	-11.2650827930989408	4.0
2.0675563914655402	-12.1931958423813995	4.0
-2.1215882906685035	-6.9674474206350432	4.0
-3.1946580354351379	-13.5629635405717295	4.0
-1.5516494857030629	-11.5383323407410607	4.0
-3.9876113545386840	-19.6944015013858511	4.0
0.6717589327330611	-12.0487334291632955	4.0
1.2829630937380831	-10.6044354296988974	4.0
-0.6429999946632126	-12.9852419326707995	4.0
-0.9117993118009753	-12.9957577117353384	4.0
-1.9452285809120191	-18.4515274607086468	4.0
1.4602043794515021	-11.2528951578875276	4.0
-3.3462278190495200	-12.7376463392233212	4.0
-7.6337969650803439	-14.5153412329649925	4.0
-0.9832510815469983	-8.7516323831070970	4.0
4.6350489788045168	-13.9283788518927132	4.0
1.1313231935129793	-14.5427088796316095	4.0
-5.4535533404335590	-17.9118036673338139	4.0
-0.6108391482921263	-16.5384209675829652	4.0
9.1039964501107526	-2.9186430755195101	4.0
5.4460133430915709	-0.9028581084686010	4.0
-4.4671965349172815	-15.0893732012229336	4.0
1.2196034533881572	-9.5685683230765441	4.0
-3.8463576289260404	-13.8860063975735351	4.0
-1.5145943888454374	-15.3194806868836864	4.0
-3.5901876404038267	-18.0032786418797031	4.0
2.8985868978388991	-16.7806189755334927	4.0
0.7240840059860683	-15.8993534271853072	4.0
-2.6148208866844218	-12.6764820069226900	4.0
-4.4899381632370625	-8.1296575467751726	4.0
-3.4024982807047497	-10.1101702195615815	4.0
-3.9054501247651237	-12.9523976088505623	4.0
-17.4799830145028139	2.1220593423953402	4.0
1.4733364567043452	-15.7345240286610242	4.0
-2.3192586599581806	-8.6642938640841773	4.0
-2.6220175644974058	-7.7410696591106207	4.0
-1.6245576481153732	1.0054841791388174	4.0
0.6293235043248856	-12.9920184308020126	4.0
-0.7403248845711653	-14.0143251201540604	4.0
1.5572002593620440	-15.9146615995897331	4.0
-0.2957743902235494	-10.6876636098617190	4.0
0.2890860225188185	-9.0065432537803343	4.0
-0.8238159852432423	-10.3258773055916784	4.0
-2.4943334906099452	-11.7394260882799788	4.0
-14.0644499013445419	13.1486411095355926	4.0
0.4040663734909316	-15.5747141822638255	4.0
-0.2969226566913098	-13.2015701643551484	4.0
0.6431176945326247	-13.1121635215973829	4.0
1.9890367231730772	-7.7652074680229486	4.0
-2.9497337124501048	-9.1659141997781290	4.0
1.0398556027160324	10.2091276385984671	4.0
-0.0267360305018395	-12.3274009316932958	4.0
1.5465598276755386	-17.0466116155445881	4.0
-1.0759733312559778	-9.7738926959874970	4.0
9.7834444313290927	19.5035422651087984	4.0
0.7595113017099043	-14.1353576466641044	4.0
-1.7221074649967987	-9.2250453496976075	4.0
-0.9196122108209039	-13.2510607278421162	4.0
8.1736761901298607	-0.0355361293329882	4.0
-5.4673848717930777	-18.5910947715749053	4.0
3.2875775007061305	-11.9293849351438030	4.0
0.3465332363776221	-14.2098998086820565	4.0
0.9774889697397429	-14.9942664468861384	4.0
-5.4704482584707730	-17.7686643063957739	4.0
-3.9213559249877483	-5.4788808081718798	4.0
-4.3851824331562197	-15.8739325456309412	4.0
0.1451689216542981	-10.2618408418938021	4.0
-0.9748223714281455	-13.5162711651461702	4.0
1.1737189468625060	-8.5463411128481273	4.0
-0.8703581032473482	-12.1079099824186507	4.0
-1.5537139167649223	-20.4697740194091864	4.0
-3.3949181665862742	-17.9472014274402163	4.0
2.1211336461215722	-14.1221468700525374	4.0
2.3251300515052415	-8.4652076069261053	4.0
-6.3241532018531155	-13.5846745153153972	4.0
2.0265656696989161	-12.8395260588164959	4.0
2.1490885414570244	-16.0181100822390228	4.0
-1.8772569736231568	-13.4614189134097764	4.0
11.3434027992410140	10.7979646556072737	4.0
0.6967099332390411	-18.0533354603220388	4.0
1.8929935515239946	-14.1235057599376521	4.0
12.4671225779091763	15.1270885542503954	4.0
-2.1059145052574624	-11.9112690157805776	4.0
-1.8559444008948858	-12.8121842378670951	4.0
0.7723826639287963	-17.7733476994349999	4.0
-6.8178673644858492	-13.3246855251072223	4.0
-0.3082506513282812	-11.4041166484465961	4.0
0.8743049353182446	-14.6316852138401341	4.0
0.1278645387266911	-10.1668710555045756	4.0
-0.4137364121816653	-16.0887535542997711	4.0
-1.4934789467939054	-15.4277831519232702	4.0
1.8528715170517096	-13.6441180687770061	4.0
-2.7506046524757917	-15.3834230062992035	4.0
-1.0087641060203982	-8.0644149658657085	4.0
-3.6404853094800962	-15.4354991536741295	4.0
-0.9705336931223352	-14.2587526551618673	4.0
-0.8665100541801377	-17.1689737698360574	4.0
-2.1435065824804216	-13.5595642470726307	4.0
-3.7235678893718562	-16.2843178125260586	4.0
1.1732087935436164	-11.9162391221680330	4.0
-4.6002546140194358	-14.0725891766155566	4.0
-18.7934551560109604	-6.3782847491724661	4.0
-1.8471160888081597	-14.6346289138489336	4.0
0.3876798058356021	-11.0792895707754866	4.0
-2.9591379633766324	-22.1853181003033484	4.0
-6.2093504739251815	-19.8491159811492253	4.0
4.5347756495590827	-5.9167155198639438	4.0
-2.7709488865607454	-10.3272660926505484	4.0
0.4365022747742426	22.7666951319541653	4.0
2.2566875271610662	-8.6835232043888517	4.0
5.1795349878915191	3.0012814387440718	4.0
-1.3236644716767152	-9.8963085682193341	4.0
1.6655174998131328	-15.6416596825854999	4.0
-1.8290198337853110	-8.9673202526441056	4.0
-0.0004266408011411	-14.8496487784950286	4.0
-3.5079971330090371	-7.1021446042997054	4.0
0.5131624357211392	-19.8039173474627432	4.0
0.8050661897742404	-17.8505456603083736	4.0
-2.9526933937787407	-13.9831904342124442	4.0
-3.2356143231684182	-15.1545109878508555	4.0
-0.9351888838844570	-8.0581248501186167	4.0
5.8025091514895601	1.4611449980724942	4.0
3.1409754775766783	-9.3357639380967683	4.0
2.1932636417414137	-12.8079218170363038	4.0
-1.4381028231135660	-11.0847535284859315	4.0
-18.9138054040615451	-1.9241492788171140	4.0
-3.7106367311378028	-10.5037529941272574	4.0
1.9302986118166849	-9.2691559506115304	4.0
1.5101672594919946	-8.9161837794660013	4.0
-4.5635411257733933	-7.9823784038131853	4.0
2.3458409364469128	-10.6257023926082717	4.0
0.5333851852208276	-7.0330761467006679	4.0
-4.6658578729090845	-14.2022175845169958	4.0
-1.1930446705288786	-8.8628999251408871	4.0
-2.2730762402897775	-6.5707569965671278	4.0
0.1870159550564744	-21.7228721944754248	4.0
1.9220673060004394	-11.0173609240236594	4.0
-2.5384112686882316	-9.6199694903884261	4.0
-17.5302211620352821	-3.8213627196887687	4.0
-0.6632631707792638	-16.3550202115973988	4.0
-2.4683394320205374	-7.8418392024927002	4.0
-2.5264216082755966	-10.2553320804700014	4.0
-0.8393882612489518	-11.3528462360532192	4.0
2.3814455799860830	-10.3168875018534170	4.0
-2.7070116111653131	-10.7577094582764126	4.0
2.2693202874050140	-19.9768823903067059	4.0
-0.0472428967216027	-13.3200542045421333	4.0
-3.5243629997912937	-12.3778614906335065	4.0
-2.5387043760323196	-16.3612040634779881	4.0
-3.4682842567507710	-6.7285547745079768	4.0
1.4098282089751324	-13.3111779560375307	4.0
2.1898487678110086	-7.7104670176166650	4.0
-0.0213751398240074	-12.4920518993467571	4.0
-12.2175044847711423	3.4434709990150139	5.0
-11.9584432352026244	3.9168914776371406	5.0
18.5190483369862555	4.9916179903341114	5.0
-8.4709605661340408	4.6849875797603859	5.0
-9.1782644233577493	3.4622333900046733	5.0
-11.9843821876353243	3.8158340548427407	5.0
-2.5560178099856521	2.5154502649472437	5.0
-1.1812033512432174	1.9662141372318178	5.0
-7.0566219711640095	2.1870317102553960	5.0
-4.3523333988996447	6.7451253292542832	5.0
-14.2964878424015538	9.1668524327010950	5.0
13.2613447661018782	-14.8494660186734979	5.0
-8.5200370365792661	-7.9919742140035464	5.0
-10.4438731598894545	5.6315058539840379	5.0
-13.7117667469995830	5.5160563738246218	5.0
-6.3875452493376823	5.2057346571166434	5.0
-7.7018580039163780	6.5632912272105184	5.0
-7.0712065001530906	5.6035922556615194	5.0
-15.2157431000850476	10.0337216765965884	5.0
-11.2159674629219932	6.0119049957905126	5.0
-7.5563474359415501	4.2772617908270227	5.0
-13.1167776679049766	6.5381250127405544	5.0
-12.8706852688172138	7.5283309818416884	5.0
-8.6723243317972969	2.3837457609264479	5.0
-16.6509665735629149	6.7334528088194183	5.0
-11.5342694600759987	7.0699208357160588	5.0
5.4896102701618927	0.3469306115565530	5.0
-10.9525457668562112	3.3768633575809601	5.0
-5.8987299048241368	-17.7431824316733149	5.0
-4.1154190529612693	3.7504626262556657	5.0
-9.3544047012951292	5.1411142126164515	5.0
-13.2602543879064001	2.7921984739058390	5.0
-6.3517417619749406	1.6931027801854650	5.0
-12.4479633757860899	6.1484957153588642	5.0
-2.9191772185964342	-9.0038345256814942	5.0
-6.4560452906895289	3.3329291711442486	5.0
-14.1834309225309738	5.0726399698457181	5.0
-12.9121569658853428	6.5007204792449373	5.0
-8.6338436618354262	4.5682332901333700	5.0
-7.7938921865762900	5.3932119826826117	5.0
-11.8297120369528415	5.0757121590090684	5.0
-7.7829309838746470	6.4310344478468000	5.0
-11.0285362448743900	9.0866673101676607	5.0
-9.7393554196782457	6.4924685712221972	5.0
-15.0154578949417719	4.3983911869328614	5.0
-12.3136198330376008	3.2231990254133693	5.0
-5.5402961231853425	6.3024964341678968	5.0
-13.2896394728461793	3.9711690923780796	5.0
-5.3286809276370413	4.4470631941471455	5.0
15.1125105864643956	10.9734688334143602	5.0
11.2113674733607596	18.7594444553382829	5.0
0.5578057227936760	6.9936655042853388	5.0
19.4060840292830754	-0.7766967119140488	5.0
0.8228569456251136	18.6167866376394748	5.0
-5.2279650330213334	5.3309918841899693	5.0
-16.2885252038543804	2.9731580550206052	5.0
-14.3300808307939622	1.5137235707591161	5.0
-11.2093306656899099	7.0479694481608091	5.0
-8.8927541390927072	7.7855315497242046	5.0
-11.5302746523544002	8.7436898784476700	5.0
-15.2986687145605540	5.7821116822505738	5.0
-5.8777188003716105	4.4117266053777540	5.0
-15.1823940836088713	3.2254308323500953	5.0
-14.1550574025413116	4.8537458196213441	5.0
-5.9247637907122410	5.1055524420098601	5.0
-11.7793587714481589	4.2900787563311118	5.0
-7.0550887515017129	7.5487235811164917	5.0
-6.9527373548744169	6.9584555717466854	5.0
7.2845602223136270	-5.5631747833149827	5.0
-8.6191843801731096	5.8448156637823097	5.0
-8.4608334020691132	5.9004295484056843	5.0
-8.6255617095424935	8.6107486044507020	5.0
-6.5053017694733448	4.2251688373501795	5.0
-14.1544952145680245	5.2778487761236672	5.0
-9.8019432427581368	8.9492581166695953	5.0
-16.0198312364414512	4.6095121884936638	5.0
-14.1564873060460048	7.5381818520547448	5.0
-18.5679832271086660	1.6126605833645105	5.0
-12.7097948048847940	6.6424512223349268	5.0
-10.3401143540901899	3.8738517599991780	5.0
-12.6328594780577710	9.2006999923467241	5.0
-12.2632872752368716	3.1478234972993566	5.0
14.7961119161838770	9.5697679547480092	5.0
-11.8434076719337575	4.7668389716297783	5.0
-20.2811736907571962	2.4044314686810537	5.0
-16.3705474634665329	8.8189082461545674	5.0
8.1601105488712946	-5.5369310022523726	5.0
3.2391041408339416	-9.9235965981844547	5.0
5.2265411272440474	-9.7331903570448564	5.0
-13.8153799445703918	6.5777392153130068	5.0
21.3442001153215557	5.8659868092216634	5.0
-15.1953914679207198	6.6644854686086337	5.0
11.7070508954685337	-4.1612431968254571	5.0
7.3095161737115779	0.6454101635559981	5.0
-12.1295087410180216	8.1519538923823021	5.0
-8.5532021893564458	6.9406400777837236	5.0
-8.5893401818093977	3.3528425730059395	5.0
-11.1278064280791913	7.3914655407965748	5.0
-15.6958340728705483	8.9939256143600694	5.0
-12.6168121638177499	4.3486084582930769	5.0
14.7436172338836045	9.5099805812963432	5.0
-10.6112806687573844	5.1294800508332337	5.0
0.0529495382355812	20.1873196975942868	5.0
-4.8437046692441710	1.4886580555860875	5.0
-14.0258588459887203	6.6845377376550275	5.0
-11.2800837914823795	-10.7076572923050151	5.0
6.4002437324337214	-15.7635893669039806	5.0
0.6754737316054509	16.5196492827560633	5.0
-13.5982329040033481	9.2796369235044196	5.0
-8.6006152791209729	6.4507259783613558	5.0
-7.2327293028563160	4.4266309589590422	5.0
-8.0092110822913511	6.0267981157752528	5.0
-19.2421922468072140	4.6986723550778855	5.0
-10.7627683706914770	8.2265001998833256	5.0
-7.6229580840271751	-6.9079036212717932	5.0
-6.5908809286954613	2.2063289435078870	5.0
-6.2523244333180923	6.2039931712350480	5.0
-8.8600646197089574	7.3011981210116570	5.0
-13.1002817419895834	4.5919102392034663	5.0
-15.3761199445088170	2.7941146583716154	5.0
-11.0927742135256011	6.0538727360411286	5.0
-11.4125474259131661	-1.3425466990846795	5.0
-8.3697289813889455	7.5321914528463374	5.0
-6.7394024965103378	1.0497220825728837	5.0
-10.5378727243343135	3.2153707701527674	5.0
-5.2118782753209878	3.9285375166271161	5.0
-9.7028139026685540	3.6440715132331469	5.0
-6.9567460639626262	7.8724330467151589	5.0
-9.6675395995754680	9.2767159566098449	5.0
-3.6225898259501519	2.8388582797483184	5.0
-5.7343100494305643	6.5773954264647649	5.0
10.4235300551407022	9.4004856053675390	5.0
0.3643214096490852	-22.2334299078057818	5.0
-3.3955325760791859	-0.8522365395044946	5.0
-16.8252822874989292	6.8436432397356857	5.0
-5.0444904718465455	4.7043055592145393	5.0
-4.5586004498068515	5.3125878036034004	5.0
-5.2059577861034931	0.8612146826369926	5.0
-6.7234582309316613	4.0083685977455898	5.0
-9.6670051248488935	6.0807704820723867	5.0
-4.4230832918837724	6.7800062962617185	5.0
-7.1879468143711565	4.9991228440445790	5.0
-14.4670530156580988	3.5105883018877972	5.0
-5.2230353432616985	5.5780155865976004	5.0
-2.0969263969910443	0.9702554667353673	5.0
-3.1163231184026605	11.9972021506209572	5.0
-11.1012508464325794	3.5430283165426588	5.0
-9.9408799389154279	7.4239548350336966	5.0
-11.8478732950232875	9.1565053076084055	5.0
-9.5799635579380507	5.6010226574649717	5.0
-5.1246922897084941	5.4786071833419125	5.0
-10.5883631325530043	7.3855799469401084	5.0
-9.9224221257455074	6.3949423556846403	5.0
-10.9379322584202185	4.9325428617505231	5.0
-13.4260525086090343	4.6624578559826171	5.0
-13.0033049132684493	7.6776310152174352	5.0
-14.8720417402444998	5.0006201993090258	5.0
-13.3010529910611339	1.7532064058675028	5.0
-9.4040139778245120	3.2792476416344631	5.0
-9.7607334070475069	-6.0661838471347922	5.0
-7.2858928447202471	7.0173416954083585	5.0
-12.7907493043590357	5.0445823244395651	5.0
-9.7570413960862208	10.4421840753272352	5.0
-12.4841327392993602	5.9613392478159160	5.0
4.2965869498359028	21.8614231060801103	5.0
-20.1167100959063774	0.1563287408079189	5.0
-10.6953654101837188	7.3648957669144819	5.0
-0.7004180488865446	0.9220983458296776	5.0
-8.7672188753142564	3.5092993566752075	5.0
-15.2329446215048669	9.5792821763734040	5.0
-5.0770621022131222	2.9399114208238748	5.0
-4.2385900614934666	3.6569191297189660	5.0
-9.8205558531761952	4.8078222421619339	5.0
14.7485244313368504	9.5797304347619630	5.0
4.7645461776907485	1.5807140503113548	5.0
-10.0357944833760904	7.3091513988317800	5.0
-8.6002526035735762	4.6537727605493258	5.0
-10.4512199951023028	3.7416128221303562	5.0
-10.7645514666400519	4.7714696533965002	5.0
-11.3776700628735661	8.7232941464572367	5.0
-9.3997668941988479	5.1995650828776876	5.0
-7.1492753883809819	5.6671309139722190	5.0
8.4487242170432388	-20.7060520655419289	5.0
-8.9466526650863543	3.9884569052433227	5.0
6.8149851344252097	-13.2415036866652081	5.0
-15.5032231244205736	2.4899877820877965	5.0
6.3043827610155310	3.5571807476017505	5.0
10.8850778980883156	18.2719410163247460	5.0
-4.8199311691154056	1.6590764515507472	5.0
-7.4856535995624904	-6.9981016163671788	5.0
-14.7994965108671774	3.7330949576264834	5.0
-7.4319047719022331	5.5065945425084530	5.0
-6.6591900934023593	5.4031421845473702	5.0
-13.2203171133543478	2.8902409341602411	5.0
2.4294623268575615	-18.3054548977670386	5.0
-16.0944108778870678	-16.4233756259641304	5.0
-4.8427105473254839	8.2076362648658066	5.0
-1.1677823243219501	2.0361626537255111	5.0
-8.7855879646797650	7.7396730479605154	5.0
-17.2563885665843522	5.3982741258478875	5.0
-10.8290091194223610	15.9785358683346299	6.0
14.6293325417008013	12.9584982300231992	6.0
-2.2580898238254195	16.0272612099278824	6.0
-8.4224992124707008	17.5904727551462230	6.0
-15.1869461525782707	13.0267426078825252	6.0
-7.6179082617924516	20.8914037889453184	6.0
-6.9307253879902859	19.2410908567881300	6.0
-4.4724731054489117	17.3429032416127775	6.0
-0.0752234272249796	14.4267576740578640	6.0
-9.5068224670194805	14.5551383721676721	6.0
-16.3498782950702335	14.3399164108220472	6.0
-0.5295453363794874	13.0092706150324648	6.0
-9.2768448168528561	-15.0465583984015883	6.0
-9.3151775231880212	20.1750896009401046	6.0
-5.0495041316516049	9.5347135840378829	6.0
-7.9444760856582306	15.3891266786727190	6.0
-1.2666398155386489	15.4692057523207396	6.0
-3.2117417988633341	9.6888456881527603	6.0
-2.7419568677070041	18.7580375014008567	6.0
-13.8507438315734959	18.2151320785624407	6.0
-5.9284122452150738	13.1019833054070904	6.0
-8.0659098058048322	13.6765781066866872	6.0
-7.5562196460265234	12.9790892928560240	6.0
-1.2910046905909263	15.4767588179284985	6.0
-11.0154777125118812	13.0682065271610863	6.0
-7.8431175062044627	16.5945585065533372	6.0
-4.1658403800471495	12.4334419177072419	6.0
-5.6022739076523234	14.4832495217178359	6.0
-4.6663148649805004	12.3278967417527952	6.0
10.8389837124692789	4.5482797137925610	6.0
-6.1425273167133598	16.3325931590193036	6.0
-7.9926103034741747	12.4206617127745833	6.0
12.6609338783619307	6.1431444008460216	6.0
-4.9410214358494846	8.5233104578677086	6.0
14.6055817165665403	13.0262163257884680	6.0
-8.1593405689435645	10.2380885446291163	6.0
-12.9144631550640874	-0.4003404921704296	6.0
-3.9506181733668169	15.8375301768343100	6.0
-10.9495154308602984	11.8414748144352124	6.0
-4.7598527838118541	11.3581300162837948	6.0
-6.2415694697089297	16.8648879644605749	6.0
-6.8344820373839941	15.1947803450675973	6.0
-10.0990267256076791	18.1857220276128899	6.0
-3.2134722808437965	11.9885393074475815	6.0
-7.5197646255981798	16.5450846151754085	6.0
-2.4770517023851961	14.6124284033003651	6.0
-2.9046305572489848	10.4850483512004260	6.0
-15.9347679155052013	0.4234115509516038	6.0
-6.0312894551112723	11.7553463779394889	6.0
-4.1886209897607687	15.4459979537627277	6.0
-9.6670777353828878	13.6235364475265275	6.0
-18.1842069339890173	10.9558588416390474	6.0
-10.5717616963338443	15.5327085419715107	6.0
9.0436716658916172	9.9761978731195935	6.0
-13.7090515057536209	11.3898859254822451	6.0
-8.5170116527380966	11.4880511111009920	6.0
-8.7279759740850977	-19.9013337759050586	6.0
-6.3435740803835721	11.7868085774069051	6.0
-4.1217767575999309	10.5516595341643367	6.0
-2.9801522599534955	13.4133997080863274	6.0
-6.0597857762376659	11.7477655501823204	6.0
-1.4417728447949940	9.4320027168559619	6.0
-5.8514119611241782	14.3998807229735348	6.0
-9.5538381691686514	1.5643805998730320	6.0
-1.7596970590453362	10.4194118313087589	6.0
-4.3008012112202056	6.1293406878832490	6.0
-8.5953682791088521	-20.1060289849156142	6.0
-6.9253648970751369	14.4198787962254631	6.0
-9.6407183018599660	11.9610485539305635	6.0
-5.9782867561051170	15.2960501022566735	6.0
-7.3031686458098601	13.3180997411869466	6.0
-4.5959779665440967	12.2460884637455543	6.0
-5.9916699214128997	20.1522694354590755	6.0
-7.3470406719031125	11.5301782797568553	6.0
-16.2897536930026909	11.9252774200764975	6.0
-9.0323905423919371	14.3893610456714391	6.0
-4.1548606856377202	16.7176810522741555	6.0
-4.9443480953663315	19.5048563171697005	6.0
-8.9633858900651493	14.4120991305177828	6.0
-7.3612383054241066	13.1025570701955143	6.0
-1.8374631621912594	10.3982438957044732	6.0
-5.0146741634760676	15.8577959186484740	6.0
-11.7144869990608580	14.5263561086242987	6.0
-4.5569400079059701	13.4327437915440182	6.0
-5.3193828128352463	13.5784997718499323	6.0
-0.6637143876900246	13.3269904954536660	6.0
-0.9860412812470252	11.9012267971502723	6.0
-6.3010811886666929	17.7027005194202331	6.0
-10.2400559476854003	17.2752448061912567	6.0
-3.3171327479509580	20.1444383928509367	6.0
-7.4018362990341613	14.5393793914754248	6.0
-1.5998844058832176	18.0343734215125444	6.0
-11.1603814164676542	11.1034289047414738	6.0
-6.1327835560021970	18.0516704312586960	6.0
-11.5225823033041248	15.5938470205902515	6.0
-2.6450884121086866	13.5598135831433417	6.0
-7.4675672498423449	18.8810206937768363	6.0
-8.1097014651120656	14.3626568352724711	6.0
-7.9744661834333304	16.6291334737631438	6.0
-10.6095363405816681	13.0758032003552476	6.0
-5.8438163627314026	15.8108637486851418	6.0
14.0365671733396091	7.9323352865385433	6.0
-7.8405528487528535	12.5082339663745561	6.0
-10.0511278845279701	18.3534022263745626	6.0
-5.5941748708119823	10.7616293279090858	6.0
-9.0761921798059220	12.3564645766733303	6.0
-7.2438706846762653	14.2354908307375876	6.0
-10.2336975619709492	12.0335243971394004	6.0
-1.0867313082614019	-6.6475780065185059	6.0
-8.2465821015453429	11.6747355741635808	6.0
-8.2323625917995198	14.0869791802235937	6.0
-0.4238865475997863	9.4450700086868089	6.0
-6.1613740557223631	12.6884491237619557	6.0
-3.2650435567739442	12.1167979212694341	6.0
-8.7794995571849448	15.3859800521988319	6.0
-10.6819507194270074	11.9762509782022484	6.0
-4.1451395354042893	14.6012580582902558	6.0
-5.8448033936109587	14.7564191589591047	6.0
-4.7400961777733741	15.3220431171562499	6.0
-11.0180314249964706	14.4870020368969747	6.0
-4.0021181448223828	10.5522971307296434	6.0
-3.0886223774654451	11.4161562571717035	6.0
-4.7068229045183587	17.4461227876093510	6.0
-7.5551493692875171	17.4629464160122119	6.0
-8.4131656754261162	13.9284257443097914	6.0
11.4489720150185157	5.8439588881920317	6.0
-11.6252429885977087	14.5801612771034250	6.0
-3.0664146597610542	13.2857399368783415	6.0
-12.0313694781723424	13.0525965680482905	6.0
-12.2582274335525536	13.6338832047291962	6.0
-7.9178521418632828	10.1950876300053892	6.0
-8.5705215924391585	13.1676192512248900	6.0
-7.0471481548267123	16.4558177884222019	6.0
-2.9129183992523235	14.7059877086724047	6.0
-7.0035384568918788	13.8176795977876168	6.0
-11.9422663874306068	18.0717490473857048	6.0
-14.1695802985551467	15.3301406813519367	6.0
-2.4594491393647959	16.9823524650318447	6.0
-6.5803306857984483	16.7312463259372954	6.0
-10.6967568366856494	15.4419386797617246	6.0
-5.4467193090203097	-11.3250680072345595	6.0
-7.4587619596215795	18.8948308474357916	6.0
-7.2942528618398121	12.0997488102680428	6.0
-9.4674058925770428	16.3336815924206498	6.0
-3.9227239206522757	18.2786241475778048	6.0
-9.4194516282506981	16.6462192381016649	6.0
-6.6701465968157230	9.6285947811132218	6.0
-9.2159731767377320	19.6886454799591597	6.0
-6.2766905514661362	10.6322929668760544	6.0
-9.7299113144059266	11.9129827496085525	6.0
-9.8057133933412235	13.0916999884223930	6.0
-3.9619522646002951	13.0089892177804085	6.0
-4.3004629935991527	17.9145345005014782	6.0
-5.0994565172407444	10.6874608367621722	6.0
-6.8437837296829986	12.7110674808663973	6.0
-7.3235599674860525	16.6049671779861541	6.0
-3.2219577106451829	13.3078666475673710	6.0
-11.1267125907500386	16.3662035587335879	6.0
-7.2964789172198286	16.5115696207552425	6.0
-13.2193807963762495	16.7622029998435451	6.0
-1.6425912149886830	13.6305628573660975	6.0
-12.6491535154562644	11.5579311541839758	6.0
-9.3519918099776351	12.9638982856598144	6.0
-8.7980319414137043	15.4482500507254663	6.0
-5.1817206723940394	-0.6624586524985205	6.0
-3.1543583401504014	15.2286906233356198	6.0
-1.7066085121378787	11.1767788324554775	6.0
-6.0272371358408519	17.9164052244790817	6.0
-6.0406632107384999	13.3136571721035217	6.0
-4.9027022647520084	15.9025291109024174	6.0
10.9677798373175541	-18.7921359600250639	6.0
-9.3392948731345875	20.3311977046490675	6.0
-9.5146466040544802	14.4756929746073766	6.0
-6.5946653983615562	13.8280873091086622	6.0
-5.5464218504053395	13.3163692235409670	6.0
-4.4949744321955833	14.1734045767848276	6.0
-3.1328165483070110	14.8621275340395158	6.0
-11.9554294291860881	19.7227523278268215	6.0
-4.9994876453147343	10.0351532878626166	6.0
-20.7972138697811957	-5.5943008457999222	6.0
-9.6154876917154706	11.3103336988037064	6.0
-4.5156743071817678	15.5024520402388433	6.0
-4.0148619019972767	18.0977283562823672	6.0
-13.1940159919980591	16.8004809623508713	6.0
-4.5197807339829463	20.9375103973742966	6.0
-4.1956136727260480	14.5197692503507234	6.0
-13.1060279401549824	14.4256493323668202	6.0
-5.8288776134641713	12.5623319644812916	6.0
6.5976744053266936	-9.3834326102802557	6.0
-7.4203313345399886	13.4232853909977550	6.0
-16.2915944807287829	12.0166911078686738	6.0
8.4724589883962107	2.3668963898571440	6.0
-4.8677085918583751	11.5302634181883317	6.0
-4.6613209053899070	9.7961392439015267	6.0
-8.9032296739558010	19.0520828177417165	6.0
-7.7441723728057621	15.3739361169330202	6.0
-8.8547311045962331	16.7793964765255943	6.0
-3.9759437760008289	16.7643497996089401	6.0
-7.3541180061055025	11.1678795843610192	6.0
10.5239283865901196	-5.1576711874056000	6.0
10.2874937691373436	12.0061314698978947	7.0
6.6634167659173755	19.5312866129577642	7.0
7.0472183970942535	15.9995041757064040	7.0
8.7064972903579942	12.6776440764639862	7.0
-2.8511246100078593	8.3339485778475080	7.0
5.4750525015038773	12.3508190443931323	7.0
1.5210668344157858	10.3878761410937628	7.0
7.6061520257762361	13.5375415191372515	7.0
1.5312097124537314	12.3874486266783226	7.0
3.5164854662955660	12.1226417622184250	7.0
4.1708185725577840	11.3997956769617215	7.0
10.5852385814865091	11.6691882895116787	7.0
2.8115731423682844	13.5786613680083814	7.0
9.7043102656443931	10.5077330077278521	7.0
4.7556008225379687	12.4986957650087867	7.0
5.2463150024226719	10.3218160499437523	7.0
2.1730157192013455	11.8938135037618089	7.0
1.9989223427727321	12.8691587760777661	7.0
6.9107194827742378	10.5722057515248871	7.0
8.6375489206613416	14.4370782505667368	7.0
6.6190591173015800	11.9704620191778410	7.0
7.4429331119041127	16.4705109010154018	7.0
9.6283695589548888	17.8567595748524042	7.0
7.5776956750343238	12.5526013645797292	7.0
6.7235599486062982	14.9485765129380361	7.0
5.7792704002376851	11.7301834591813794	7.0
8.8676054159719904	14.2335484675382045	7.0
1.5594673248017652	13.1929239613406697	7.0
7.7765974746907816	13.4532323530436777	7.0
1.2052163119773354	16.3579114423507583	7.0
10.8585815494699194	13.0902681593344923	7.0
-5.6750133218235392	17.2119213114246570	7.0
5.9050115747188840	13.0268260796565833	7.0
7.4050674503843412	15.2032572471302689	7.0
4.2470452769457152	15.4730414360469908	7.0
6.7048516994405487	13.5009225861993407	7.0
5.2038877227190685	14.4529128181678068	7.0
6.0861547360469856	10.0655214398879558	7.0
0.8304681871680272	11.2430366747522950	7.0
9.2321659593680963	13.8274560527836581	7.0
-10.1891119616376162	19.0998061706653424	7.0
8.3053915012216351	10.9862035848149127	7.0
3.0452232885604054	12.8188316291065725	7.0
3.8107934854934995	12.8128378690129754	7.0
4.2906128723940808	15.2576842946509874	7.0
5.2341378395350633	-3.5481578374472797	7.0
8.8337187133298425	11.5895768216509349	7.0
4.5748805668844774	16.8167437480855959	7.0
5.5598933356292068	14.7355451407561535	7.0
6.4421397992354619	13.2405352625836112	7.0
7.3931261732831972	12.6711253792066252	7.0
7.6033782276011532	13.4605382301296732	7.0
5.9810155041703217	16.4114647343533271	7.0
6.8161740494811855	11.4921520398587234	7.0
9.1283214656585816	12.9031032992951342	7.0
10.4330233318998040	7.7784920231118688	7.0
3.6131930235135541	13.6103327295238206	7.0
5.2772423694050845	16.2358904963210264	7.0
12.3257639158426056	15.1629055453673995	7.0
7.6776239094407668	11.7930839802309766	7.0
3.8321225711931723	10.8039780591412509	7.0
10.2349387917166439	14.7159416093346831	7.0
14.1282751914549305	13.6325167122869892	7.0
8.5994701496656116	15.8463464935281202	7.0
11.4337859485148616	17.3970130945137242	7.0
8.1353362142263013	15.6750664164394493	7.0
1.3647478559095443	12.7442128324675252	7.0
6.7969030617805641	14.4902484079942351	7.0
4.4964450926884343	18.9336508809479263	7.0
1.1909693448808323	13.6629698401449140	7.0
-2.7890641326270327	7.0931447883375975	7.0
6.1325682086003228	10.8363150305346494	7.0
3.8708935846425829	0.9822612078958719	7.0
9.2415423422362899	9.1725306031997533	7.0
7.0951600427675476	-4.4046088171854123	7.0
7.7502189870915368	16.8177169453939328	7.0
14.0012836122086100	17.1751926835625319	7.0
8.9326775011026704	14.2175106519845524	7.0
7.3847332504021113	9.9102551564441104	7.0
6.5735189352009469	16.9765826163615223	7.0
-17.6774436499813241	-8.1904065069357888	7.0
3.2262916809810482	14.9167365313094251	7.0
0.8088570726314591	11.2422178039286091	7.0
8.3538657033376857	12.7135630909447830	7.0
1.8137514868458171	15.7283355956630544	7.0
2.9893177293216215	16.9805097190023773	7.0
5.8837853769661752	14.3278343489675866	7.0
2.3687761323861367	12.9601923923677429	7.0
7.5924492261472860	17.2265103689755001	7.0
3.4127338353100884	10.7884393993441865	7.0
8.8763027034431214	12.8402827251012965	7.0
3.4806757946936391	14.3162297994694860	7.0
4.8530748518284907	16.8943312355606849	7.0
11.6114360991165455	17.4369394883232012	7.0
11.9531403703148289	14.8593511503831497	7.0
4.6141770193252940	17.8533808600609518	7.0
13.1007981173759553	11.5497854456552904	7.0
8.7214269955314645	11.8684685062502702	7.0
8.3764760158019484	17.4488547863305676	7.0
7.9320641583252911	12.4690002636562660	7.0
-9.4845568519166683	16.7951929668166642	7.0
8.1559723190187423	8.4707528680409307	7.0
8.1776995845237721	9.8673876645093515	7.0
3.0569778404444774	14.6111886478544122	7.0
3.1122719172019147	17.0983580805021624	7.0
7.7691008788793843	17.0975311481472048	7.0
5.0367158691488019	11.3922265999779668	7.0
4.4849002240995022	12.6295663085526346	7.0
4.9929126885884800	12.0094626617657561	7.0
5.3589750969654180	13.4255943253374852	7.0
4.4943620568532090	14.8850003235616235	7.0
-16.4752000583583964	4.5761069331376207	7.0
4.9241851009122692	12.5981710942593086	7.0
8.7817042311682147	15.9571963744881948	7.0
5.3737333640431659	12.1951405662164447	7.0
2.1917187306155679	20.3201240046693812	7.0
1.7971517578241263	17.6178943844186762	7.0
2.4136913957892814	12.6335790151004446	7.0
4.8081772800030294	13.8359380487446622	7.0
5.7348881150506434	18.4502142544410006	7.0
6.3141924232555260	8.4637329171782412	7.0
10.6578777172527861	11.5453053674614878	7.0
-13.8127003822944676	-0.0774592452690876	7.0
-4.6445988437783869	0.0106215165674555	7.0
2.8536490269403871	10.9453455461676139	7.0
11.2501571848914654	16.4743813330135822	7.0
-2.0545346046691648	8.2171838456317996	7.0
11.0510809969268173	13.1381986238317463	7.0
5.8182608079026634	12.9571224167008783	7.0
4.9060496156329858	12.7926567327202143	7.0
3.2459108044125458	17.1120118584739380	7.0
4.8425991050786354	12.9580407371202746	7.0
10.6645675482099822	13.1758733963120296	7.0
6.6343279030225721	14.2022621574121199	7.0
9.5343473226401105	12.8509593034322300	7.0
4.7649647065066310	16.4509121480457239	7.0
10.6304956238930242	14.1137574616950268	7.0
1.9178732553948161	13.6803213385690619	7.0
4.6507911946240359	15.6491481681641886	7.0
10.4110716679104822	17.0205008281832804	7.0
6.7134079622579783	18.2464018142211124	7.0
8.0783848650092462	10.9999362286764129	7.0
10.3587994313923488	17.0727311963654849	7.0
7.3592140655457507	12.5423658520845915	7.0
9.8835394283823863	17.4208030562423417	7.0
8.8850813034055882	20.3527879129935272	7.0
7.7840533167986568	9.4429919509315674	7.0
5.1057338351959061	19.9041074077991205	7.0
8.7703300279953513	15.8829483175792756	7.0
5.6709022494971695	16.1928682406403972	7.0
12.3671321246961430	13.3042880329507085	7.0
4.5751892004893193	9.9041675679702070	7.0
7.4937865278681368	11.2825103405022009	7.0
8.0250451598532440	14.7332660101525690	7.0
1.3152557967511640	14.4955368402641884	7.0
2.1222993739280973	20.2469791221310302	7.0
2.5849780538566010	11.3437411099021155	7.0
4.1057675520421428	13.4255121728675988	7.0
3.0552207626426058	15.5258477799942138	7.0
4.1977087686838779	11.4756411592939962	7.0
3.2702621470474917	17.6574029316568755	7.0
8.6720010085774426	4.2441100145359645	7.0
7.1561829707373326	20.4747185389929598	7.0
5.5376778061002341	11.0524777685584521	7.0
1.3469411234475781	9.4657443720581149	7.0
8.0918603409583714	13.7295837764195152	7.0
5.2674758772598631	14.3131856985164774	7.0
2.7844079701598239	13.7677603934421313	7.0
7.1001280882641238	17.5948119212065244	7.0
7.4954506457387877	13.9054301921709538	7.0
3.8512887722746503	13.1887399137638237	7.0
4.1929774220237617	10.3066907661191003	7.0
4.3640805227089476	14.3558670527139967	7.0
7.4393774487600188	12.9578532438796294	7.0
2.0208016789789522	12.7697634865035266	7.0
6.0188115011522401	13.1546699674348169	7.0
5.8390758973720134	16.2415827732951463	7.0
5.4241396316363639	17.7775323493206692	7.0
6.0439002807792805	12.2246483977440654	7.0
8.9840349915837141	19.2371774196291376	7.0
3.1163178403126595	17.0318352237433643	7.0
2.6604549774428286	18.5270679278180914	7.0
12.4150805325392906	10.5220322046060684	7.0
3.3559269638334013	15.5471496513302565	7.0
5.8206828596350011	14.1005580748307064	7.0
-15.1078738406496687	8.0031539700929191	7.0
3.1103146179977004	11.4654551123893516	7.0
-2.3952389905469729	2.7066404047524992	7.0
3.9243256132765119	10.7544640168409611	7.0
6.7968047820717521	16.0699958141513903	7.0
2.0366390893811244	10.2368058581332733	7.0
1.7771384170730813	15.9458983123530356	7.0
3.6639844141323064	11.5674090448864764	7.0
9.9940654667552469	15.4391553277191385	7.0
6.5828485451824701	10.7851738285674710	7.0
3.2445887528173611	14.9241680248043593	7.0
5.2965537645983032	14.9470998600935285	7.0
5.9928505107560017	15.4474263315542260	7.0
8.0079037776090800	11.0063428649112272	7.0
7.5144948355318686	15.0969575113872736	7.0
-11.0761840119696426	17.6057068850821956	8.0
7.8189998346174212	-10.8766880056624320	8.0
14.9069162129258981	-12.4786112943698111	8.0
5.7943236516730607	-11.0580592993133919	8.0
10.9273368871425784	-9.0418093077639412	8.0
16.6926449547990750	-10.4385800926216046	8.0
7.5400014289671562	-9.8498574298421460	8.0
9.6956782938615262	-11.4551627093273929	8.0
3.3906877486858518	-8.0745598829398819	8.0
9.5996488378636524	-7.1871341452619193	8.0
8.1701549249893173	-13.1038042270566510	8.0
12.1574590153795068	-8.8324970597797741	8.0
10.2698004517588508	-13.1905685364963485	8.0
13.5787074688711602	-11.4248469828332091	8.0
5.7386300125754985	-11.2332487293791576	8.0
9.1369028860385395	-10.2278571101636881	8.0
6.0996921173767165	-11.9319046033073697	8.0
6.4996780055848911	-13.1718006449832785	8.0
12.0327037518798363	-11.6080435965664126	8.0
14.2115219443011114	-12.0675430166429329	8.0
9.7998110603511375	-12.3407942631475116	8.0
10.7840505438172016	-15.9100294734766692	8.0
-10.6210370770811320	4.4626475689174612	8.0
8.5440371770229184	-8.2639297217939642	8.0
8.3511363945298243	-13.1240700465736655	8.0
8.3669113782771145	-12.3494006275399730	8.0
8.9507327509409702	-11.4850576774809650	8.0
-9.9949212721392389	2.4202959192597939	8.0
4.6492305745920408	-11.4251991516758746	8.0
14.6721500312184787	-14.0900188663010777	8.0
1.4790019156255809	15.6752946411467882	8.0
6.8585295396698625	-16.7100976452457353	8.0
9.4237933228523456	-7.2856165530685812	8.0
10.5879326624595489	-10.5510709917761574	8.0
11.3934776503929740	-10.0972505046863947	8.0
10.4251063146416136	-9.4767415494472385	8.0
9.7297034169606675	-12.9382019852273196	8.0
7.8143294602627211	-15.9793407018688303	8.0
10.7893624206024459	-10.5539982847030824	8.0
8.0126499879009963	-13.8304893193006055	8.0
8.9564431291794584	-10.6196121993429511	8.0
16.6885838071697350	-10.4216185541968684	8.0
11.8824665385692736	-12.4931103994033794	8.0
14.6362718511932108	-7.7349315827267233	8.0
5.5279404468405939	-17.1808516115060463	8.0
5.8150703063408908	-8.8531882457366429	8.0
2.9842566233650758	-7.7297643298281020	8.0
8.6786420403733544	-8.8822416201537244	8.0
10.7066914017341563	-11.8905062595191868	8.0
9.5338189936101099	-15.3225280071034984	8.0
15.0203027082752776	-10.7044980616392778	8.0
9.9229542918545377	-9.4946440248103361	8.0
13.0385524134934734	-9.2842881745347334	8.0
7.7536319116802650	-13.8603567101597669	8.0
12.0087972270694081	-9.1946105927232047	8.0
-5.0900121539339436	-10.0807755512586024	8.0
7.9067926017276760	-11.2307776510384389	8.0
8.2986517622526694	-12.1178209503031180	8.0
10.6577385614080420	-8.9977466057505548	8.0
16.0843015140574721	7.7427030515673207	8.0
8.8816256986607041	-13.9288209572128459	8.0
-0.8743459375299401	11.7935990985288477	8.0
12.7003353621126003	-12.3942106859928636	8.0
16.0616964507775783	7.6961084962373114	8.0
15.5105736789456312	-15.6748860775284040	8.0
13.4856612851861861	-9.7011787152341782	8.0
9.3540031371382373	-10.8715457690944604	8.0
10.7676164525247682	-16.8408598862405761	8.0
4.2539725013191401	-8.6006562879741857	8.0
8.0044846150588409	-7.1998213808224412	8.0
11.4964546919601815	-14.0381882213096070	8.0
13.6526873168648795	-11.3310010428329164	8.0
11.9854197649412662	-9.1394769588143294	8.0
10.6449713315858396	-7.9924467639939047	8.0
8.8262828942000695	-5.4773491149915143	8.0
15.1526667120406238	-11.3860702833427911	8.0
9.0857543703541737	-11.7521384889998988	8.0
10.5697777906321431	-15.5892711297989059	8.0
3.0957976937645828	9.7888703116531897	8.0
12.2424038843903009	-8.7104722125503091	8.0
8.4528091996414929	-14.6045926990413264	8.0
12.3373430883229389	-16.0343887351575702	8.0
11.3120277960852995	-11.3286559062107202	8.0
12.1026852991787326	-11.5657152496670470	8.0
7.0503419662008993	-9.4448463437297843	8.0
6.8922397803138882	-9.3744804685539833	8.0
13.3923966838703343	-12.4498637513002226	8.0
13.2248184237419171	-13.2806543020212153	8.0
13.4535035834171186	-10.8563557155282115	8.0
5.5804126276569281	-10.8247186539008382	8.0
7.7861420611413825	-9.3148315438031002	8.0
7.3389769191880143	-14.7734299303222709	8.0
10.6971199971969497	-15.3625715742217572	8.0
8.3312560630276895	-13.9031455137061002	8.0
9.8416207857002096	-8.5243605995981575	8.0
5.5376793874040029	0.2850757126732438	8.0
9.3799575383111566	-9.5898569424149205	8.0
10.6691249454269279	-13.1277791143791411	8.0
11.7282528846258653	-13.6844046238488986	8.0
7.5460455461115421	-12.8878916720034482	8.0
11.0883985583709030	-14.7279955425526126	8.0
12.6674051110388266	-12.3433237140474237	8.0
9.8082660003313222	-9.0823088698097489	8.0
9.6333878690099457	-14.0990894423886406	8.0
4.3953251279866974	-10.2705791050231259	8.0
-1.7543771097220400	22.5335495974407856	8.0
10.2436660799835941	-9.1534703612949091	8.0
8.6881793331379189	-12.5665964303364124	8.0
13.6796101640006036	-8.5460183032561687	8.0
6.5294094335851103	-10.3984360363874249	8.0
10.9582889776197483	-6.7873120272848961	8.0
7.7512210196760849	-11.9224920507918810	8.0
14.1795761262907885	-9.8729956406584947	8.0
7.9504349357574098	-7.1598118581063011	8.0
8.2651853693027899	-8.3931349707686600	8.0
15.8541055724557491	-8.5225228910059254	8.0
15.6372921961749221	-8.6336887295690659	8.0
0.7939725856709483	7.2381997336490835	8.0
7.6440104755762404	-8.7202088453682833	8.0
9.3052220648016828	-18.1803590075501980	8.0
8.5052177392276302	-10.8740248025815092	8.0
6.0070197972115684	-12.7898748736781638	8.0
18.7163814625729223	-11.0844358389476696	8.0
7.9113581929582804	-8.4742029028663453	8.0
13.8925511803130579	-9.5680413782646045	8.0
9.6806249777258611	-8.2785555211543169	8.0
5.3507071785159113	-8.7956382355733833	8.0
9.4604251179369285	-15.0649675965361283	8.0
5.4156850247553585	10.2098841184616766	8.0
12.3408914119687925	-5.1751007018360546	8.0
10.9334807179892355	-10.6437538447021502	8.0
9.2969130342296538	-8.8932911429410630	8.0
6.3602482305081898	-11.7080265759424886	8.0
7.1663693824717987	-14.0806443737101166	8.0
10.8827234936243382	-11.4576732186815224	8.0
7.6060777077264241	-9.4862672579901535	8.0
5.0498205534996199	-8.2600552706315113	8.0
5.0808065196440921	-7.3280683816345684	8.0
6.3886839552690509	-11.5529576187191783	8.0
7.9757713614403798	-7.6312082255537677	8.0
10.9195994796250861	-9.9580747270092314	8.0
10.5086026893982076	-8.2681587291900271	8.0
6.2777881099700066	-8.1926352855846432	8.0
12.1685462558008002	-13.6061347431656117	8.0
8.2247080456658406	-10.5408810272103519	8.0
8.9267510100211460	-16.2748444655102062	8.0
4.1103900619144857	-12.3768483634746218	8.0
5.2054320553993580	-13.7265326937742635	8.0
11.7217782866124818	-13.3408350813151433	8.0
13.7310099388605984	-10.1624098141659065	8.0
9.0027012947815166	-10.5303047701648733	8.0
12.9545863038205962	-12.9445635684806764	8.0
12.8189862732603306	-17.7705495729459066	8.0
6.1938712086745271	-19.1150125429030844	8.0
12.5369761244444966	-8.4076596969665633	8.0
8.3750593078379136	-15.0716240575175373	8.0
12.3035034064392850	-14.2997700911429355	8.0
9.1433786969543984	-9.4921208231983609	8.0
7.6354268817038600	-9.9811648713884100	8.0
11.5078490584185840	-7.9992215237906441	8.0
7.1264320433726223	-15.1063115751767025	8.0
-6.1805319062585564	-1.8359563159617001	8.0
12.5783826006014028	-10.7024208698147287	8.0
10.6003870674478158	-13.7750046598600822	8.0
-0.1956876604649256	12.7464694685579083	8.0
7.2313756708857539	-12.7059127865632320	8.0
7.3221089368815617	-4.5555342655248854	8.0
5.5124952765774475	-10.0318043825763965	8.0
11.7947902472847499	-10.5746892038319125	8.0
9.9736360122535768	-7.0136684472359541	8.0
8.5113017004494722	-10.9129313366922194	8.0
-5.9491391575737884	0.7152092409479671	8.0
7.4843910467630952	-10.8709163575002137	8.0
10.1714803533786569	-11.3607669181053268	8.0
9.9145738437723452	-13.1735131655730644	8.0
11.0245169634808455	-12.7583391761184792	8.0
13.2206196763240218	-11.3129024132925924	8.0
8.7071163169099037	-11.3811528530548145	8.0
10.5769188830912633	-11.6371479756172000	8.0
8.8974887198790018	-7.4850163098501223	8.0
6.6537430594636158	-7.1585083772339422	8.0
9.3157617976178297	-12.7217586798550339	8.0
8.4693704317530347	-9.3353161084921013	8.0
8.7628336599851195	-8.3960269374870542	8.0
7.2640178899615924	2.9757139347627142	8.0
10.1765886612373926	-9.8013043399425932	8.0
9.8774093507813365	-12.5470688313927567	8.0
13.8839477071412016	-16.3088540557381094	8.0
7.0558428433435800	-11.1690964801794888	8.0
6.1569460075072140	-8.5393719376662194	8.0
-8.9479185831371488	-16.2053499097848182	8.0
12.1128116442825196	-9.7241398434377313	8.0
-5.1157088608821120	-22.3668015832231148	8.0
14.1814313842145054	-11.1041436213007714	8.0
10.4077303259256126	-8.2735851457794158	8.0
10.6674116253624174	-13.1938008753850209	8.0
14.7184622524243718	-14.1719016511989047	8.0
6.6275911962921086	3.3748455725199209	8.0
-2.5535125273392048	1.1068067413801077	8.0
6.8761470444162009	-7.1162159183815037	8.0
8.6605305559631383	1.4104652297132794	9.0
2.7801671641337169	6.4824848962501909	9.0
5.6746927213010538	4.0167241587676425	9.0
-0.2195898084155449	7.6299510027950745	9.0
8.2574537012792231	5.6999929892514354	9.0
0.3654019782227657	3.2442300701726641	9.0
3.6551452222864960	3.8750011087362091	9.0
5.0244197742360424	8.2739013599378044	9.0
-2.3486239724691300	6.1038876806468565	9.0
-2.2495179561953225	16.8047402345305166	9.0
1.7127470775252323	3.6211584241657135	9.0
6.5698548700330965	6.1572116182204377	9.0
3.2267876328627261	7.3161951446690896	9.0
-6.3101264719233496	3.3017794315205875	9.0
-3.8534826368989186	2.0793654672507147	9.0
6.1218638326231334	6.5297992623034675	9.0
-11.1517048933857836	6.2239344474754930	9.0
-1.1438659107188178	7.1166227774688124	9.0
2.6320055605647656	5.4597362610894429	9.0
2.7149397957582408	6.7745233624681473	9.0
4.8904526392794043	3.6120320349552806	9.0
11.7389358251930354	-5.9860575530203493	9.0
3.9393324700285470	8.0787342897414511	9.0
-9.0992488579555175	-0.7731213064923592	9.0
6.7001895238263547	4.5120424098171537	9.0
-18.7925676903684433	8.6784844358411934	9.0
7.3635198765213712	7.6747253652875624	9.0
-15.1332489905600180	-9.4865095142470697	9.0
9.9810957683369690	-10.4066927418773734	9.0
1.6031686957035973	3.6034693359535881	9.0
-2.5511557170479646	-3.7722049407324874	9.0
-0.4562687418456132	5.8273338554015126	9.0
0.2807988322173934	5.2316010713427801	9.0
11.6818686925242563	-7.3428209937536568	9.0
4.4363865720399120	5.5954175393934191	9.0
-15.6812385795081521	-0.4046233111921550	9.0
4.3592934595813260	-18.9658426368575377	9.0
-2.0148666465327696	-17.9645892463312471	9.0
-0.3781343191623535	4.8678877669148788	9.0
-6.3568200723180635	-6.8027257490746669	9.0
-0.7852474408968856	5.5619820271078471	9.0
-9.0762287073880774	-4.2101617799219717	9.0
0.3383082789806146	5.9323602201871148	9.0
4.3349143458417645	-6.8445011332596115	9.0
-0.4611430042874080	8.2499463426441118	9.0
3.8898419078238242	3.8067720154284062	9.0
-3.4237090443192413	-0.8035522453734321	9.0
1.3547206944518739	5.2626046715397319	9.0
-2.3960074313276416	3.6500308056573330	9.0
1.1029931576850225	8.1879500044785516	9.0
4.6253847116690112	4.7447441332338913	9.0
2.3640322158752674	8.1899748740835019	9.0
10.5052123495348155	-3.9383508992468448	9.0
4.4681807594470540	2.9373237164636437	9.0
-19.0214653386042265	-4.3295982400308395	9.0
-6.1372657798883354	21.9345866554605173	9.0
2.2151402893632506	5.1260204201664230	9.0
4.9347033077450693	4.2633958282733015	9.0
6.1955656728996180	8.1767177444975232	9.0
-8.2574708854693544	1.4941322436749012	9.0
0.5663607267855256	5.8883945854765924	9.0
9.6701907252877302	-6.4362666957792971	9.0
-0.0427580020790154	6.9861400328690770	9.0
5.7418644399170553	1.9344053598766884	9.0
0.2539508513658941	3.6335943843682967	9.0
4.0392363351888259	4.0402294966234997	9.0
-1.0133115170418090	7.5073003720740790	9.0
-3.0110418152129390	4.8883989185824150	9.0
2.9128550304218090	6.6286641427563673	9.0
-0.3045489750982992	4.7642174465655556	9.0
0.9997372318663484	7.9940832509418422	9.0
3.6271884427816823	7.3623051581239833	9.0
3.0609318918118253	9.0873382547690795	9.0
0.7465398754591065	2.9525668717169333	9.0
2.3845797979352583	8.1041933161639221	9.0
1.7535124531881958	2.8113170097122699	9.0
1.0234782725786153	6.7635622326116689	9.0
-3.8395552609864372	9.2544094240798156	9.0
5.4491737943845573	5.1138549623004383	9.0
1.4726924489833078	5.0907758091777948	9.0
5.2340607470757972	7.5164312005426881	9.0
2.9397025340690219	3.1976285843006274	9.0
0.5422256438255683	3.3165431941204417	9.0
4.9184584396633300	-21.3978647923856080	9.0
3.3799964577539550	7.1151616574253742	9.0
-6.9719529629047043	9.4199892511081611	9.0
-1.3706837485927590	6.4745139724416525	9.0
0.7871384238684555	2.7591143758613441	9.0
6.8832779022082509	2.2770708411046443	9.0
3.0170833098016776	4.8754480086058622	9.0
11.8277793649372978	5.0913866980709885	9.0
-0.3006060081677385	3.9820469320937213	9.0
-2.4020454856578861	4.1675517082255329	9.0
4.5911789760749349	4.7424922360023771	9.0
1.3916993266545858	4.2749155510815049	9.0
-21.3957624957995591	-1.6414366100445721	9.0
8.6374371695879795	4.1628722115569063	9.0
12.9968179372080819	-6.4432441371856113	9.0
-6.2253139670575015	-10.6374339130942825	9.0
6.8615969908934522	5.4724807347639199	9.0
0.6445322532161450	4.2527270400931236	9.0
2.5236443632400021	4.5011941895928187	9.0
-1.7978333192549063	4.8429537877685762	9.0
-2.9892141081818844	3.6799828612106720	9.0
8.1150634878807804	3.3750129640302622	9.0
10.8868430198038357	5.3356799506489629	9.0
7.0106728781883847	5.5182823399628118	9.0
5.3886057394253957	22.0722548089012207	9.0
5.7712373126198075	2.1434955916297938	9.0
4.5948033717296335	6.0048306509235996	9.0
-5.1154178741196814	0.0105557320878511	9.0
3.7630679772299813	5.1053115349678873	9.0
-2.2849271406498284	3.6737251695130051	9.0
13.0763663795648952	-6.4091205482919982	9.0
6.6177188098238942	6.4920492891929849	9.0
5.6268399176273700	-0.0880021485289913	9.0
-1.5039620391089255	4.0308163180609506	9.0
4.8378534580038535	-12.6900790809013291	9.0
6.6501399628279474	6.5307318741600398	9.0
-4.0454188646407632	2.0868947843132286	9.0
0.7097951882675559	4.3739875771465204	9.0
-20.5585756365919323	-3.4386148229030122	9.0
5.3760182775832055	1.9823199593292053	9.0
6.2297087335560679	6.2171091204534052	9.0
1.1806429588799037	5.5625248421674991	9.0
-2.4374870797461012	5.9919525531573816	9.0
2.6100490319877818	15.0525855325713351	9.0
1.4218778795259883	6.3336685535518207	9.0
-1.8091258947298929	3.0852100391165860	9.0
0.2613588777520907	6.0211314125186846	9.0
5.3637265285851594	-9.5514349732308990	9.0
4.3618223719330498	6.7606597931255088	9.0
2.2124394745591238	4.4518180270945340	9.0
13.8989579241207117	-6.9119296355281019	9.0
2.5224611522495248	7.5070998726330993	9.0
1.5253593611671741	7.5697159918634158	9.0
10.5783327866295895	-6.5283358213450935	9.0
1.8212260677986845	5.9788231233575910	9.0
1.6405353621315513	6.7795106422020313	9.0
5.8298617558865109	4.9762339480569970	9.0
0.3611229639298302	8.3631487353131835	9.0
-8.3641639310864857	-8.2819204225366736	9.0
-4.4272368604227079	0.8287695895439863	9.0
3.0343519173541571	3.8364635969681329	9.0
4.2422045208599473	5.3873871520708887	9.0
-2.3185916265030193	4.9139979760191048	9.0
-1.2576763824200625	6.9132266660459578	9.0
-1.8155791315960155	4.9479234173767921	9.0
1.0675356259602646	4.4645324003892286	9.0
-6.3697595890297842	-15.6982559365999599	9.0
5.8205553172496769	6.6461799194943962	9.0
2.0753131039067663	5.6089765207287599	9.0
1.8416440556060720	5.7965091260876713	9.0
3.1443116916758669	4.9724151525969882	9.0
2.3853108960109211	2.9699797473897842	9.0
-1.0684445733475287	-3.9990533291513506	9.0
-1.3249998949449941	5.6755690872631872	9.0
4.2171507789991862	6.8660224491624060	9.0
-0.1745030909312065	2.8658563712954077	9.0
3.5072953865441847	6.0024196087215422	9.0
6.2885409796476095	3.6333685763340760	9.0
4.1218674803848918	2.6346435747411374	9.0
-1.6511836807329783	3.6195435273263601	9.0
0.9773894153761008	4.6968664330942396	9.0
17.7180280139017832	-8.8913410709386351	9.0
-1.1464272980242258	2.7550363186328490	9.0
-1.5372830223055158	3.4411017264442827	9.0
-4.0483929604611486	-1.6092974703640055	9.0
-0.2539169103857474	7.5425163967972697	9.0
3.6013406419360301	2.5715455680416679	9.0
5.0665612303549601	8.1818985384755969	9.0
3.1413171515543037	5.0999477339862649	9.0
-1.4138971615618303	3.3183733496350438	9.0
2.9334243470481129	2.5189014045650682	9.0
-4.4667895933706125	7.5072280428398557	9.0
3.7896576043940189	2.4648377028243158	9.0
3.8949035030992665	3.8994753633857728	9.0
11.2753019262187113	10.8027220767000927	9.0
2.5478562123151920	5.4889047126504726	9.0
0.3510362057323728	6.0188354537315165	9.0
0.3853813108677080	4.5677058494345024	9.0
5.4888703122891309	5.4716419047215092	9.0
3.3570295371326515	3.7706232350273030	9.0
2.6910091627260324	5.9239363724648193	9.0
-17.1256268080569178	-0.0580626835034089	9.0
2.3168112297703765	3.7739499631334503	9.0
4.2386832716245175	5.2794972442265244	9.0
4.6352091534505240	6.7906718506245527	9.0
-3.9897388072429223	8.2242214087352927	9.0
1.6808070553921501	2.7899617980537355	9.0
-1.3972849195039974	5.2333108468141543	9.0
0.9681380450957687	7.8175640304677430	9.0
-1.1816328349722254	4.1755130119702031	9.0
5.9197809846948877	-7.3706416728713924	9.0
-3.7488308027319444	4.5568297723926117	9.0
-1.6154713962094749	6.7068634586904654	9.0
8.6272909359514554	5.5814547270116890	9.0
6.2747511665883700	3.7032934300654903	9.0
-0.0170583506451467	11.0554092065184228	9.0
2.7817294163791479	2.1923102862225088	9.0
