-20.2714488530445962	-12.0463077401651457	0.0
-19.3866891745726946	-14.9423813224154163	0.0
-21.9159514595621943	-16.1058215620756862	0.0
-19.8928141492847459	-13.3689589015574430	0.0
-18.5626761112545609	-13.6387384410312453	0.0
-22.5587666158840570	-18.6075398960985083	0.0
-19.5712738201665815	-16.4418078187116237	0.0
-22.5220640161146903	-15.4963610340372995	0.0
-20.1000333389496824	-12.7569618965558131	0.0
-26.3816677833853852	-18.6746792296150836	0.0
-18.9744373335463514	-22.2574070515479079	0.0
-19.5037592719771240	-18.0400855937406384	0.0
-21.2354835028087194	-16.0257820269164100	0.0
-20.8633158107531074	-15.1283030924468314	0.0
-20.4571712148714724	-23.8257882469374067	0.0
-22.7238940522412847	-13.4662406718409731	0.0
3.1478103383356162	12.4446528698625194	0.0
-18.4118130976542105	-14.7255918487561654	0.0
-24.4851439925275436	-15.2137733323574125	0.0
-15.2853614518961347	-14.6441500892701182	0.0
-17.2759320314274447	-15.3495795782974707	0.0
-22.3562840433066832	-16.7965975109425223	0.0
-17.9184666968927573	-13.6962497387570874	0.0
-20.1840117495648670	-21.0747021347950430	0.0
-19.7118143013195279	-19.2492908555093862	0.0
-19.7055552346900669	-12.3440535442271671	0.0
-22.6953046384880217	-22.5418158578575074	0.0
-17.0840587033259297	-14.4316192381862454	0.0
-21.4541037339507028	-16.8224526608862917	0.0
-15.9607220700557946	-16.1668354606288780	0.0
-23.0964310463143789	-14.3825305038176658	0.0
-24.0188655125146440	-16.0164695467225791	0.0
-21.4334042345088811	-21.9852112465329768	0.0
-20.5447974711263157	-18.6702871175121814	0.0
-18.9556868882331955	-15.9172341304285077	0.0
-21.6741180210582556	-21.0022673492258534	0.0
-20.4567087077087422	-14.9431894343152312	0.0
-23.5452226385735699	-21.1806317635351462	0.0
-16.1167989506459257	-17.9272628019252984	0.0
-24.8773249026748466	-16.7488186433126351	0.0
-17.3007255892061202	-16.9784780841096072	0.0
-27.1930797679548064	-15.7840421677127480	0.0
-19.1569460507998173	-15.8895145129680895	0.0
-21.3148299472382945	-12.4333581705259633	0.0
-23.3326032437615041	-11.8321335052002805	0.0
-21.3914793529024649	-18.1031220763585416	0.0
-28.5427204898963751	-14.1157872895125287	0.0
-18.2551301625469797	-15.2155413552072911	0.0
-16.5748062648219836	-13.6714701144034816	0.0
-26.8254105108361180	-4.8981758391196104	0.0
-20.1379602553626356	-14.8257901156373251	0.0
-20.1721490303709352	-21.3275646726114019	0.0
-15.3219674847956906	-14.6076176135083795	0.0
-21.0675991517266183	-19.6487667554539058	0.0
-6.2376721468139937	5.7811943833594288	0.0
-22.6605015506379033	-22.5204494564609412	0.0
-16.7183203910672518	-15.9609676226931168	0.0
-23.3309750957219784	-13.0444999353502151	0.0
-24.1579846736095440	-13.3488436092974290	0.0
-18.1360024450754018	-16.2310419022673820	0.0
-24.4124127107840110	-13.2808081947222689	0.0
-22.4546437031327777	-17.1274010039901796	0.0
-24.5492614070472008	-17.1264158151978130	0.0
-20.4394426049020268	-18.0494872145313643	0.0
-16.6078314178135287	-17.9686824523130930	0.0
-23.5114725623052649	-21.1628350274980797	0.0
-19.8129389404266831	-17.3692379235924079	0.0
-26.3776041996100687	-16.9760249801045688	0.0
-24.3942292749607788	-14.5561627337360147	0.0
-21.5838080601923430	-17.3106057481615245	0.0
-22.2632084482591850	-15.3956546670520886	0.0
-16.9185981037663460	-14.2268690928180987	0.0
-25.8626282015591684	-13.4689832920638537	0.0
-25.9422499573954894	-10.6928252581307515	0.0
-21.9883143425568512	-17.7571056423406759	0.0
-21.2588622371832869	6.7736460522695623	0.0
-19.2282683544964428	-13.7711090411840722	0.0
-24.7998276988758555	-15.1897550752369970	0.0
-16.7354272227785579	-13.0761302742640968	0.0
-15.1672944583078788	-15.7435825597281216	0.0
-22.7053819703604240	-19.7487647228788958	0.0
-18.6951535884784761	-17.1736681176273542	0.0
-19.7480753379855187	-14.5465365091598127	0.0
-12.6161602277100577	-13.9881463198488927	0.0
-24.0987392516283805	-11.9471157090070523	0.0
-22.3603039912231658	-16.0715263994958022	0.0
-18.5921321253869465	-12.4371712894947315	0.0
-22.8356747313760486	-19.1503679225476979	0.0
-23.1933535614609596	-17.1454546921455417	0.0
-21.3842144214132190	-21.9163093842119281	0.0
-22.9869563248049182	-16.2288529317135115	0.0
-18.3595472167798164	-21.8893407738849106	0.0
-20.7652064701358192	-17.3398993455813937	0.0
-20.5110130587384418	-13.9482881329898216	0.0
-17.1762661677020034	-16.2605849269591189	0.0
-24.5987885432192996	-19.7386745628466578	0.0
-19.6558093306078305	-16.6421047990379591	0.0
-20.9614617888797596	-19.6068485814453837	0.0
-19.3665526267023438	-18.8719504662834190	0.0
-19.3404418266091227	-17.8970710286701049	0.0
-22.7905152973422709	-14.7752045806154069	0.0
-19.0140670674647723	-22.5108109393177678	0.0
-17.8743256138408242	-14.5843448296035394	0.0
-17.9417946479320598	-17.4208364504385855	0.0
-24.4861626750502950	-16.9131352892745284	0.0
-24.9083701517323348	-16.1913523452834909	0.0
-23.7458903937798702	-14.8360754187891430	0.0
-25.8513657158034071	-12.0203309012777648	0.0
-22.3414792909369595	-20.6793019858373839	0.0
-19.7958188210938886	-15.5560728026042714	0.0
-19.5370368763136888	-18.7741594181076259	0.0
-15.9317693271398699	-18.0937297036494833	0.0
-23.8602112069599066	-18.0569124409636501	0.0
-18.6143874748120410	-19.5039197757866560	0.0
-26.4876523043517267	-15.0530530274631680	0.0
-21.4721293540013853	-11.8972582813821379	0.0
-20.9813054159066645	-13.1742939333032609	0.0
-21.5057782074035089	-13.6328768237943603	0.0
-19.7152399423340974	-16.3083971463754054	0.0
-19.5460427923080715	-14.3405298440135756	0.0
-20.3242457376081624	-13.8838892396365541	0.0
3.5568953409692021	-11.9341321112160283	0.0
-19.6265340032066753	-19.6234786625158470	0.0
-17.5665013622542716	-18.8686034290518236	0.0
-21.6924387768617635	-14.7817118995575978	0.0
-24.0795017279624943	-13.4306533313138203	0.0
-22.5918880370753570	-18.1016531629416839	0.0
-18.6351021394724157	-16.3361748967271048	0.0
-21.5722235965598443	-15.5066354442952647	0.0
-22.5984848373543272	-19.4164734284825613	0.0
-26.4031271737450730	-14.9419138008366144	0.0
-17.8895468161214488	-18.3712892524644076	0.0
-23.7378408473444651	-18.0090612253340367	0.0
-22.1714607235021006	-14.0365713215122483	0.0
-18.8283985749745320	-12.4524250713795421	0.0
-17.8710923600127778	-18.6302368085958641	0.0
-19.3425478704494793	-20.3922360416476423	0.0
-20.3951676412615370	-22.1434813249249309	0.0
-20.8228337319418664	-16.9447167150424747	0.0
-23.0445431945665931	-15.2990573625853674	0.0
-16.7427829339420988	-17.1269168409053769	0.0
-18.4833783826195344	-12.7927070387802591	0.0
-23.9027947479760918	-19.1691450721461081	0.0
-24.0040026609140185	-16.5548765574837837	0.0
-20.8112672414593263	-15.3343104602521336	0.0
-18.5751680812408821	-14.6416991343460410	0.0
-22.3529812716598109	-12.5062140784327802	0.0
-20.2863130710458783	-13.8676071037959954	0.0
13.6702342197439215	-11.8225222920462762	0.0
-26.2407909730699593	-18.7039942257492768	0.0
-21.4317876045084930	-19.8760025964217739	0.0
2.6438313131709297	-1.2125133319681853	0.0
-20.7351596589752241	-15.8502853327703974	0.0
-11.2385203205702808	-15.7384306050212697	0.0
-18.5038202070493583	-19.7188495947078692	0.0
-21.0248109798541485	-19.4317518849140178	0.0
0.5519879910272999	-0.1698560589414767	0.0
-18.7895768858972900	-14.3589807768639872	0.0
-24.7378267735216610	-18.1820844386493086	0.0
-20.9053822745630669	-16.9959855773935651	0.0
-18.7796867197007522	-17.8664583655258902	0.0
-20.0807428449416250	-17.7815637532348099	0.0
-20.7547935465163995	-14.2479063711196865	0.0
-27.1144639095872932	-15.7215995822313790	0.0
1.0147716913101004	-9.5485218122902875	0.0
-18.7442860768305870	-15.3660550934678657	0.0
-21.1170642399422626	-4.7205463845214855	0.0
8.2981122966787044	9.6645660671303926	0.0
-17.2170644570696680	-20.8921334001137140	0.0
-16.5926708674673762	-14.4091972732591351	0.0
-17.5405794974411329	-21.5955412400968818	0.0
-24.0679368625075760	-19.1560888891960914	0.0
-20.2307058420314974	-17.9424615760813353	0.0
-17.0372301996213338	-14.5984867048365423	0.0
-21.3605584917402140	-17.8493108295009897	0.0
-26.1587135355743108	-18.7427747448838744	0.0
-20.2326391787398379	-21.1615799221192837	0.0
-21.1765745374746039	-14.2836584593167526	0.0
-20.9873823946002211	-12.9583412923097772	0.0
-24.7767665588113601	-19.8537807121421537	0.0
9.7253632177288161	-11.3001103957427578	0.0
-23.1148899369971943	-19.0441202673002685	0.0
-17.9247424751980660	-13.4508371374448288	0.0
-17.4511482995751805	2.5541603289423067	0.0
-25.2513664855071198	-14.6652866736295273	0.0
-16.9413102930184714	-17.7036763809036266	0.0
-21.8321098853492579	-14.0600216882534426	0.0
-18.7109468061194129	-17.0393583251167868	0.0
-18.5696418778848198	-18.8258791740859230	0.0
-25.5573812973630581	-16.4042581402074994	0.0
-22.7859514229597515	-14.9239532437718392	0.0
-17.5893246927931024	-15.2625091201694545	0.0
9.5711485065856863	-12.7105971912365536	0.0
-21.8596012242073101	-24.2424935168413498	0.0
-21.9696308090891144	-16.4763340255101340	0.0
-20.7141011874811909	-15.7163797161264398	0.0
-17.9988663736135450	-14.5612036074926579	0.0
-22.5520907624820879	-16.6214847342105081	0.0
-15.4940878271795484	-17.7165219132581235	0.0
4.6886643844414504	-6.1570679831077904	0.0
26.1783303957751201	2.8638076390957159	1.0
26.1277293219489479	1.6055731741698478	1.0
21.0482097814908791	5.5040628196061778	1.0
12.3397557725341969	-13.5068891900795869	1.0
23.9413454429732795	6.2245520472416969	1.0
25.3741606123834735	6.1518634288934795	1.0
19.5582220498922617	2.7792305711025467	1.0
20.9031516871237280	14.1733431092963116	1.0
17.5373727211136305	2.6892732121238687	1.0
21.7584720953793713	0.2944674955622889	1.0
24.9720553929084623	7.4228822911298433	1.0
20.7450249409528489	3.6436265577225826	1.0
18.7495001112616393	0.3153886222544184	1.0
22.4435725362342602	-0.8946796969010298	1.0
20.0324733940316442	6.4568815374729054	1.0
24.2913822231770666	2.6168486169322738	1.0
19.6411449369390745	2.7474777068163472	1.0
27.1631293896416182	-1.9268891470912406	1.0
20.2139634174342859	3.8008684930087058	1.0
27.9973635166427712	1.4548722983573161	1.0
22.8025393067043964	2.1899608064856837	1.0
20.6371392414682013	1.5221290644807612	1.0
26.6510295576884211	1.9284957171661996	1.0
13.6733963003781085	-12.8902895317508630	1.0
20.0252532689638763	4.4096089202392692	1.0
22.5554024000328326	-0.8102088220700934	1.0
23.1646953559494300	5.2259732117799116	1.0
25.1731391277076071	-3.9404983472914599	1.0
21.1023996135812375	-1.7614847595163319	1.0
19.1253394184950949	3.1155380878571597	1.0
17.4059268269697753	7.2223894850214077	1.0
21.7429361056444748	8.0440668473806252	1.0
22.1858729932543426	2.7483852598099237	1.0
22.0225143118936444	3.8490564911269729	1.0
27.4079428665778764	4.9916173188262771	1.0
18.3282866621020872	6.7124421014651112	1.0
18.9135441066068744	3.6752262155354360	1.0
24.8039423666359014	5.9340546229977287	1.0
22.8942375592103069	4.2525080916316282	1.0
23.5646727529569517	0.9554817451792693	1.0
18.3332048366746392	5.0549462785408403	1.0
25.8027777712753661	1.7300786101305348	1.0
17.0207042370959343	0.4265570150277514	1.0
22.0170346473904317	5.8632320098861683	1.0
18.4606593622905706	4.2226612779422679	1.0
20.3846955804104049	8.7986161812728678	1.0
16.7674051328220592	5.2337763360965184	1.0
19.8481647341859073	1.8179302034192881	1.0
27.5891934664776350	6.4140741948795146	1.0
22.0205305946151348	5.0435940493049491	1.0
19.1316807415653756	5.0233274339034759	1.0
18.1158578092304658	5.7011427210747598	1.0
25.7290457943528708	2.9337674103240414	1.0
22.7609431259037294	3.2578278920926445	1.0
22.4896713550145400	-2.0190998049531612	1.0
25.5088392477875345	6.1864235894656447	1.0
22.1670059214086699	5.7661048367553844	1.0
25.0829796973409387	-0.4404812531303089	1.0
21.0518019688117164	-1.9284576908985971	1.0
28.9078798872490133	3.3852843496639577	1.0
23.7954932172079907	-2.0382096123002724	1.0
19.0953132393274210	0.6629174854371565	1.0
-1.2314385330778059	2.9400830493071468	1.0
22.6865030189212575	0.0253307482320530	1.0
18.9977914481700623	0.9976749733501771	1.0
-0.3236742469419153	17.9545468262224901	1.0
18.4711118773498022	2.7681988674236861	1.0
23.5388329886706806	3.0577015914897752	1.0
25.6873631335144985	-3.0689899621201073	1.0
5.6189273332888146	-14.6562715433177271	1.0
19.9156899862717331	3.2700106837318068	1.0
24.9179800769725937	-1.6113595310748630	1.0
25.3337886918390502	-0.4617560896422582	1.0
21.8081401491576727	2.1025392264476928	1.0
25.8768317770414598	4.5055238890999689	1.0
20.4549458464103537	3.1830298559733752	1.0
22.4613823771397954	2.2578011022850051	1.0
22.5025541911755731	1.4849477780491149	1.0
20.8082677678887507	1.5058560215014218	1.0
5.5565610629022091	12.1278289739193728	1.0
26.8274432084857821	-0.1024201002103554	1.0
19.1448312112417760	5.0897154028827298	1.0
21.8964529113358850	2.9461031270694944	1.0
23.9413510629650048	5.9813113743808497	1.0
17.1308433418646757	0.8105026319827436	1.0
19.9389262495310469	7.9041148779914563	1.0
-4.1679514361672956	5.6788768234620450	1.0
19.7895453099401664	0.3227842598048445	1.0
18.7382594562438882	3.6252135572435651	1.0
23.4217140830959494	1.0486957730367961	1.0
22.8113335028372717	4.9164969300453247	1.0
21.4753590320546195	-0.4910306442584145	1.0
21.3639831821707631	5.9883572674712662	1.0
23.2191478045216648	1.8916656983048379	1.0
18.7050988797329012	9.1867746913530777	1.0
19.2891819774585400	6.1140891265295689	1.0
19.6952682936903152	4.2530274926938496	1.0
23.5003105745965684	7.2626605027710260	1.0
17.8013298495568613	-1.3123202856611706	1.0
23.9762352222753954	5.0258046755839931	1.0
18.5213110041830618	1.7570188352345231	1.0
22.8254707297419301	2.1342703864260444	1.0
20.4925235976850502	4.1754800611185070	1.0
16.1769158340805248	5.4967862760957882	1.0
25.0290794243476640	-0.2633700167786672	1.0
25.1271112266380534	4.3464169676353297	1.0
23.2203028747367348	0.8555378806419820	1.0
7.1447411392509830	23.3647017153870600	1.0
21.4859120881166952	-1.8009247623817559	1.0
20.0170669710460345	4.1506157161710551	1.0
19.3579364652281072	1.7274580292900250	1.0
19.7632570142631288	6.4762952656034969	1.0
24.7938533408373694	9.0001765247128347	1.0
21.3770548156820794	1.2474794813393058	1.0
17.5121518860497360	-6.9545273619733026	1.0
20.2261956907998375	2.2780395509434896	1.0
24.1207302416167124	3.8838917709278711	1.0
2.4275830583232518	20.1274947723998459	1.0
22.2052613286494029	4.4982196749078289	1.0
21.3369085292950409	2.8004961183547006	1.0
18.1797779060931752	2.6417233812861638	1.0
19.7770503613176096	3.2158579734920427	1.0
23.7049702494388477	1.6972283865454656	1.0
17.9834251135441150	4.9550381272598649	1.0
18.7657299173204350	8.3673368940190578	1.0
18.4608190714529208	4.9425537988191941	1.0
16.0535501411595938	1.8815739609412534	1.0
20.5891169525625344	9.0019189681477663	1.0
19.3980287718683897	1.0973937433084455	1.0
21.5644401041106022	3.4047356088194149	1.0
20.3968510167096397	4.6985216658078830	1.0
22.6866462948029799	3.3456073338953605	1.0
25.4406921535385528	3.3694684540385356	1.0
21.7310618420977839	0.2475347604869697	1.0
18.2361752107961017	0.7006330881359755	1.0
24.4212385696386427	0.8375362050786469	1.0
23.9555929027368890	-0.8036049911628543	1.0
20.4955436970257985	6.3877554635892499	1.0
20.1371867304801953	-1.4633377209898681	1.0
23.9693585952682682	3.8546759069535224	1.0
24.8258653145140862	-1.5270765357634388	1.0
25.7021006675841193	1.7687243266316914	1.0
18.8647300586038114	3.4732715241791725	1.0
23.1093133377525142	7.5154264909502890	1.0
17.4957726059324195	7.1360264216227103	1.0
24.9913109353189711	2.1739003408831135	1.0
23.9706491548485978	2.5582532940701390	1.0
21.1311050582721016	2.3884210608078873	1.0
23.4285650160521541	1.9878040342593910	1.0
18.8030209732804359	-0.4363940268059782	1.0
20.7084177965713216	2.6432677377200826	1.0
19.7080087709138994	6.7334393172973623	1.0
21.0499038930663254	5.9293406589129765	1.0
21.9667081412825986	1.0855448684891511	1.0
17.4735884057027988	1.9271661195258534	1.0
17.1207123322805899	0.6525641884457383	1.0
27.1552453547171275	3.5444018223567171	1.0
17.0282827166268262	2.7420773202771995	1.0
21.7387561046680986	-0.4749748005516726	1.0
21.5437671985981858	7.9287417999680114	1.0
19.6626874365255055	0.4313642696635585	1.0
17.4853536376457939	2.8332995775500605	1.0
24.5259557716543419	0.7961712202751082	1.0
23.9884504644325105	4.7760048303067384	1.0
23.9786958513369832	4.0723102732461047	1.0
20.7615127747392059	-0.6623837056102694	1.0
16.0046676220149635	-3.2287426207314160	1.0
22.3186707762960665	-1.8122481931505736	1.0
16.9083676609371309	3.1284298022600439	1.0
23.0748759513967165	0.1199033154250381	1.0
16.1457424370257669	-5.6403523209156479	1.0
21.0112576591772822	4.9619128457056663	1.0
21.1316639572068290	4.0127320571728538	1.0
18.7180070918152879	0.1881557312347463	1.0
21.0253579303055531	4.9976740088204714	1.0
-5.6835341299788862	-6.1180640659526713	1.0
16.9628041451311837	8.6910255600569606	1.0
21.0921081786589077	7.4507149087719897	1.0
23.4887696205804701	6.0559568599424090	1.0
11.6298882888380479	-14.7261082790369215	1.0
19.6501150753882783	-1.0344247815785270	1.0
22.6560921319434492	6.6125966869132959	1.0
20.6543951581006304	0.9514567029629706	1.0
20.9526640937240529	1.4441958536444557	1.0
16.5663931027254208	0.5908810293343389	1.0
19.7949202321060511	0.0817335493518346	1.0
25.3065292527409085	3.8533168873991888	1.0
21.7366620563963586	2.8311824717754117	1.0
20.4645860310094321	0.2533520628226670	1.0
18.9825926973956278	2.6347043746219669	1.0
20.7132885899167967	1.6887206884820205	1.0
-10.4430857562400359	12.6463186441529576	1.0
18.7319531277388762	9.2751010854225004	1.0
18.2940907956106500	1.6096192130893434	1.0
15.0518175171995576	3.7008956491191403	1.0
21.8986242366781099	6.7302980685988896	1.0
11.9236544459715255	-13.4190585282478825	1.0
21.1098711469558218	0.6716727099313384	1.0
21.4472441602398760	4.3450394433344881	1.0
21.0706708459819225	-1.5242487072914468	1.0
-9.7481416140358981	-2.6815237734196593	2.0
-15.1817044730433608	-3.1367935624183998	2.0
-9.1278510635933312	-2.0102473375122756	2.0
-9.5334239524491906	-5.3948196338331762	2.0
-14.2514813002116441	-4.3111632215159075	2.0
-9.1813859785863077	-1.2121016273553971	2.0
-6.6657672652490971	-3.8635806137437361	2.0
-13.0653310149525126	-2.7222480468901864	2.0
-10.5187788612691602	1.0297307811975729	2.0
-9.3575447970246675	-4.6395999079628494	2.0
-6.9912309895082858	-4.1216784910323536	2.0
-8.5632938203927775	-4.6000387424927887	2.0
-13.6344605121113442	-3.4958794791210113	2.0
-8.9738027735968995	-2.7292409551442085	2.0
15.5371776333781568	-13.6729540749975609	2.0
-11.5337058248396005	-5.8511733119425235	2.0
-12.3938079733035149	0.7062058837118681	2.0
11.6203775112331478	-3.5032436830684492	2.0
-7.3858774182003124	-6.2048796511872810	2.0
-2.0132451553526423	-4.6004883856341570	2.0
-12.2031169883309598	-3.6478201621649844	2.0
-13.6852098756927099	0.1030688936079704	2.0
6.3088033188594981	5.9593599798095180	2.0
-10.5301972293829031	-0.1242275114420465	2.0
-3.4174399979971932	-5.9789358431473110	2.0
-8.7572477442199226	-2.7267228757194393	2.0
-0.1169915187014062	-6.4132496777994676	2.0
-9.1263508900271155	-1.2236229451368030	2.0
-10.0890220227696421	-2.2366339245323994	2.0
-14.9917533214273995	-4.4265475816613504	2.0
-12.6981614391288460	-1.2415536153396198	2.0
-10.7938087544351315	-3.1993098485257669	2.0
-11.7064405863626302	-4.9408957493163177	2.0
-6.7217343783584704	-0.9261416083466063	2.0
-8.7289924944033981	-2.7417038235668993	2.0
-10.2542886136682778	-1.5843135865598139	2.0
-7.7441945218072785	9.4831135149674690	2.0
2.3573167950012976	-6.1790282657866058	2.0
-17.5481620027579446	-3.3260757237954768	2.0
-14.5364255801690465	-5.8495990737645451	2.0
-15.6640733373117715	-2.9774442587395100	2.0
-12.1033334367328518	-0.0593497249401818	2.0
-8.0700994047647523	1.8861053429997856	2.0
-12.9354990522435838	-3.5885598226023294	2.0
-7.5466662033384253	-3.8762240609506189	2.0
-11.2654233345996015	-0.1383286844552004	2.0
-14.6347985215968048	0.0410894843301631	2.0
-8.2782147891850268	-5.8323988245112464	2.0
-8.0279717377156619	-3.6278304852543175	2.0
-9.7408527102313052	-3.4165125591809860	2.0
-9.2740564844183844	-0.2207920680939912	2.0
-11.3008521977544163	-0.5398301373216391	2.0
-13.1783395560859091	-1.3349149134453342	2.0
-13.1557006442251865	-2.6068834324288934	2.0
14.5630072916456470	10.3223761515613983	2.0
-13.6064586138262218	-0.0873245005310130	2.0
-12.6138278251745639	-0.3594332260742973	2.0
-10.3466175080766440	-3.3693808103861214	2.0
-11.7874353084865628	1.2934813019373099	2.0
-8.9337925391020558	-0.1902150986058055	2.0
-10.4846327658741281	-5.3719551248099027	2.0
-17.1323446133695043	-4.8617795591864450	2.0
-8.7050113873634878	-0.2334588234648087	2.0
-10.8601406643145868	-4.8465985485443763	2.0
18.0373791184314207	-9.3723444957815261	2.0
-8.1376195753988547	0.8349419380384292	2.0
-9.4316947821927055	-1.2624855969920254	2.0
-12.1959344206490190	-2.3822304557944878	2.0
-14.0400335930869335	-1.2097266932523176	2.0
14.5500203818557043	6.1204991724043847	2.0
-11.9450097478733195	-5.0128344117582806	2.0
-9.8803591757192279	-0.5399633380339718	2.0
-12.8255166102412250	-3.3062449515058572	2.0
-13.1644170634843274	-2.9262962524545695	2.0
-13.4078745406517985	-5.0055842953998564	2.0
15.4953181963798947	9.7317104810510475	2.0
-14.2895144428901038	-3.0516432493351102	2.0
4.3520803321381560	-2.4824842569002157	2.0
-15.0409559596998879	-2.4001308079118280	2.0
-6.5722629454022261	-2.9336588012975353	2.0
-10.5084044079752363	-2.2291688850990328	2.0
-16.5023790738764689	-0.8267266051777503	2.0
-12.0269598648499976	-4.9940954220278817	2.0
16.6302281391810389	13.3619776715160636	2.0
12.9094604253664826	0.9557179971966508	2.0
-13.1739887226606314	-1.9450217207986122	2.0
-11.8025274364090311	-1.4247531754962226	2.0
-7.3112082595597263	-3.0382481937304258	2.0
-9.4579017751687413	1.1573293886494653	2.0
-14.1453430246110479	-1.3249618586298015	2.0
-14.2594536257724780	-2.3968821825368649	2.0
-11.7917289492589674	-2.2234873020656458	2.0
-10.1245070605523289	-4.8237649045389075	2.0
-14.7071606080258359	-5.5686344181860106	2.0
5.3709988882185273	6.1664157406870768	2.0
-13.3653752307819342	-5.3481125686693050	2.0
-8.6566973949825048	-2.1687823306851874	2.0
-15.3359334331915047	-2.2945549741779216	2.0
-11.3117621958712427	-2.9514759415156591	2.0
-19.0144313207167919	-2.3915905225843672	2.0
-10.3139032522932705	-2.2243678732963654	2.0
-10.5021134512578733	-0.9785308728053422	2.0
-10.9725099983466645	-8.7697671543304168	2.0
-12.8829664946342639	-6.8847937948066900	2.0
-7.1483949062710401	-4.2925821331971115	2.0
-9.1045266939593468	0.5897809782205861	2.0
-13.0006974573261438	0.0893159814578348	2.0
-0.5510824845170824	-7.6214383192211432	2.0
-12.9991501214084693	-3.5687549947060084	2.0
-8.5015607284307091	-0.6758939448072349	2.0
-12.2299269046596990	-2.7730367098699049	2.0
7.2491803876835128	5.3938480996763110	2.0
-9.8946855060211920	-3.7018301757035124	2.0
-8.7674310605277785	6.4295238015587666	2.0
-16.1127509639200106	-3.9732787563591221	2.0
-11.4253105775479309	-3.3266172977395660	2.0
-7.2769468788282330	-4.6575503600543966	2.0
-5.4858136133227111	-5.0938310639994979	2.0
-13.7804992504694130	1.4119765938465014	2.0
-11.3289250295648980	-2.8742438626430884	2.0
-17.5750092305591963	-3.3843211013556571	2.0
-3.4415945195998301	-8.7435632444825231	2.0
-2.3576144354073159	17.3927117440316863	2.0
-7.3003468715308681	-6.2639225114514829	2.0
-10.8226205650766101	-4.7658326578076649	2.0
4.6592538641220909	-5.0200325379034281	2.0
15.6778755564379519	9.4740167281697225	2.0
-14.8617682748567734	-1.1418286707593637	2.0
-13.4124706383922678	-4.7647330298185180	2.0
-1.1532163035606902	1.7613583220965967	2.0
-15.7551700912520989	-3.6726963856444943	2.0
-13.7994015598717379	0.2664964392541809	2.0
15.2578407678079202	8.3014750856531396	2.0
-15.1784683222281309	-0.7677241796707609	2.0
-8.1847679930358321	-2.8586076774142777	2.0
-17.6813065625857746	-1.1536938284187659	2.0
-7.4013698073526522	-2.9740897836764191	2.0
-16.5617958060891439	-5.3138512010449226	2.0
-6.2717578874146449	-4.4104307689690350	2.0
-11.9890409992158737	-0.5409712770061375	2.0
-8.4080720903017152	-4.2279457803555385	2.0
-7.0237808840448039	-2.3467243764895600	2.0
-16.7787202313348267	-0.8882530794112239	2.0
-10.0407346488875255	-3.8968202657161037	2.0
-11.8757102274001252	-0.2755227176695019	2.0
-18.1603914147488155	-1.0347134970733847	2.0
-10.4686809087434280	0.3368503546291819	2.0
-10.3803880802073873	-0.0861759665226761	2.0
-10.4468736274358740	-3.9175183345786673	2.0
-9.6452759274667716	-4.3618885308563353	2.0
16.5711346696326629	9.8165946296277191	2.0
-9.0399503093399325	0.6553457127512213	2.0
-10.5500761987304266	-1.6418896919285280	2.0
-4.9289444992706128	-3.0409668854151422	2.0
-4.3291752314762819	-6.6492071189266380	2.0
-10.6350574371009294	-1.3460940210486765	2.0
-7.6160167871911568	-0.4171435304924717	2.0
-12.2987672153305070	-5.1203069491758866	2.0
-8.0503651739251101	-5.0404143236222474	2.0
-17.2740098073702306	-2.6820538453982272	2.0
-6.0727584719283341	-2.3971896023584089	2.0
-11.0429568003427594	-2.5810076846708419	2.0
-0.7294925652304560	-7.6471520153716197	2.0
-9.8884927759653607	-18.4450169679912825	2.0
-16.1238125035190585	-5.8283077729378592	2.0
-7.2077326832795903	-4.6351194100585955	2.0
-8.8528693971867334	-4.7741886682347365	2.0
-11.9826937303700127	-4.4729854731874870	2.0
14.3676487020035371	10.3414921769678738	2.0
-7.0008434698606408	-0.9525291146427819	2.0
-12.4858484439332429	-4.0676703338580582	2.0
-16.4296216868123892	-1.6739747121783044	2.0
-8.1326887875138585	-3.9650965307748027	2.0
-14.9140809802704180	-2.5837721599128556	2.0
-13.2792505308675732	-3.9821973035889573	2.0
-9.3095889706853043	-2.7754400585731775	2.0
-13.8282930019154691	-4.3882666318248278	2.0
-10.0171413113660250	1.9484214348003439	2.0
-11.5591532760074536	-1.7188812448445803	2.0
-11.1883636953946901	0.5433209310272232	2.0
-10.7724201101190893	-2.2334515502899546	2.0
-8.8802598288620072	-3.3937404965351470	2.0
-11.2342065877192159	-6.4906459460722443	2.0
-10.2788648220523164	0.3491559406690267	2.0
-7.7741084524603652	-0.2558694862793166	2.0
-15.8154315593416364	-9.3580207382100635	2.0
15.6056579640955952	-13.7182423638457109	2.0
-11.2943229077477643	-4.1283498296171759	2.0
14.8875839620807113	10.1656067636196852	2.0
-12.9373107120209294	-1.2697346110180108	2.0
4.0703428596208253	-18.0334586980290688	2.0
-17.1014414904617702	0.4398507733382583	2.0
-9.8673734654240732	0.2392770648177506	2.0
-8.1194172499439965	-1.4221649801563290	2.0
15.6541709632612456	9.8132001964424180	2.0
-9.3390850457686607	-6.0174616375540113	2.0
-12.2515875583223579	-1.9772771545228709	2.0
-8.0392699580371332	-1.7731370509432818	2.0
-6.3618250772954985	-9.3701105849495914	2.0
-7.5047347190879634	-3.5433412960964272	2.0
6.0684498437178034	-17.5061876534892171	3.0
10.3556235529385514	-20.4178506006061049	3.0
8.4819504491564910	-16.6869804863229376	3.0
14.3960007507900425	-21.4013079700367008	3.0
10.1463010298985310	-18.4731404764665257	3.0
13.8120399494021715	-19.6310523341711729	3.0
10.4303313236625730	-19.6523420815559469	3.0
12.5790226731396348	-17.2910400079090927	3.0
8.6225497462409084	-18.8974335686779078	3.0
13.4774517056986500	-18.5102254547860525	3.0
7.4268246938208717	-18.0783522185761854	3.0
8.4826156893792923	-20.7687886180552894	3.0
15.9880278878905120	-18.8443070101749512	3.0
10.8157406405727521	-20.8561959972472124	3.0
9.4173535911619393	-19.1600702128742881	3.0
5.8453754790466093	-16.0714440363955831	3.0
7.7272640556021486	-22.9429410938778595	3.0
8.7945523203774325	-15.9463313855124316	3.0
12.4369684176680106	-18.8078114453337086	3.0
11.2536753437113557	-16.5246237138419438	3.0
11.0856350942781816	-18.3576871136954693	3.0
10.2472283673113189	-19.4102900935552931	3.0
13.5913739707501726	-18.2329994862699287	3.0
14.2332930613677711	-16.8257190669767240	3.0
12.5452038276622879	-19.7975581542245571	3.0
13.2537765494748356	-19.4286832097801465	3.0
8.6221719151838645	-14.3361618888865827	3.0
13.7386656394582154	-16.0857740242243636	3.0
5.1133024222310333	-18.6055308310464689	3.0
8.4851031473452654	-17.1884314308199464	3.0
15.8480376555860829	-23.2104621074692545	3.0
6.8322114096689859	-20.3070170519610009	3.0
11.3457116333329644	-17.3145088551623516	3.0
13.1199909074661072	-19.8771742391454929	3.0
13.4309051884951387	-21.3455325945582999	3.0
11.4082379446623534	-21.0833854971092869	3.0
10.6291234975506477	-19.7826316283987502	3.0
12.4809530078633610	-18.8527265816659586	3.0
9.3138166361442032	-20.0306919335288782	3.0
11.3117925600744176	-18.1974344789618598	3.0
15.1662177539521039	-18.0113225213780126	3.0
11.1785332206195527	-20.4274092163971304	3.0
7.4656456625827898	-18.4837196576511396	3.0
6.0315271577935059	-21.8333250343041634	3.0
6.3991612897667389	-0.9881790438185489	3.0
10.8808761953455484	-20.3540651191555888	3.0
10.6444438000133204	-18.9546846665912057	3.0
8.1448033315406008	-19.6967299794945312	3.0
8.7098866649657438	-15.9403611949590882	3.0
10.5685348358578661	-18.2661497251355804	3.0
3.6084765193146144	-20.8907118853503668	3.0
12.8368581593366322	-21.5494013699791971	3.0
9.2900029679801577	-18.4597180559429965	3.0
8.7566439010273491	-18.7320745902090451	3.0
3.8471688756486970	-14.1455497919120425	3.0
5.9615601448173861	-16.1688333046211987	3.0
10.7103910079823894	-17.8515516475846425	3.0
5.5060942505320423	-19.2678783002010228	3.0
7.9445045486318380	-22.1763319506990939	3.0
11.9970635697369783	-21.8995155439904465	3.0
6.2146126279914240	-19.2200084858106344	3.0
8.8675185263046181	-18.2927457566522520	3.0
12.8660356289560376	-19.1168716722362539	3.0
15.4025176335307190	-17.9376148015211889	3.0
10.3512569800897083	-17.2630875319913351	3.0
7.9186613466692144	-14.7665652064260602	3.0
10.5311616880296999	-15.9696953192437867	3.0
6.6987228087649537	-19.8490655977631683	3.0
25.2130142321116466	-23.5120076358462882	3.0
7.0357972877375783	-21.6434539867352704	3.0
9.1377760054720198	-21.8971210979192250	3.0
13.9600647878917759	-18.5030657880888434	3.0
10.1528817156954076	-21.5389142902303874	3.0
6.0297599155301072	-17.4403021971017473	3.0
11.8330314065298410	-17.3402642827094020	3.0
9.4400047653414205	-15.7371466415099199	3.0
10.0850459620309785	-22.1482782306395336	3.0
11.4999813319397504	-18.6482664225897601	3.0
7.6373762774624474	-18.9175589570940303	3.0
5.1256922911740208	-22.3783522006209381	3.0
7.9111498134446938	-19.5452077557646398	3.0
12.0468416868053314	-19.7534552848893981	3.0
13.7221926003942727	-22.2876591584850310	3.0
13.8523084054890244	-22.7348933220477072	3.0
3.1852153756864898	-22.8293341856263403	3.0
10.7749010502238960	-37.8935967441195345	3.0
8.3318832934508009	-21.7176080678636012	3.0
10.7634249788176977	-17.9158191867409009	3.0
12.1197443102832381	-22.1011808796192071	3.0
11.6708678104940926	-17.9056201245383555	3.0
8.2152829345992942	-19.3444572920333471	3.0
9.0335058638102499	-16.7305744080250349	3.0
6.8358856977396920	-16.8331268822268925	3.0
11.9651147767608883	-16.3566795746482398	3.0
7.5215255972451827	-17.3926505960188571	3.0
10.1823022473135829	-17.4500157456762395	3.0
18.5923586214515915	-21.2361877884503976	3.0
11.2282912241551109	-19.5284401844315560	3.0
10.6520548987959636	-21.7086404391472350	3.0
4.5123139483208687	-21.4707877731649646	3.0
8.0226009739843640	-16.2536174263225952	3.0
10.9463897387566487	-17.1028703233191344	3.0
12.6941305320386757	-18.3644368819400903	3.0
7.6859977361819123	0.6183550634960722	3.0
23.6838646486632030	-22.3813464161209943	3.0
10.6974700419589350	-23.1352445652229264	3.0
11.3816782421930522	-18.5823197137698486	3.0
5.5638146010539744	-23.9149571563572856	3.0
11.9366340061422918	-16.5970674845684947	3.0
15.1727734497676181	-19.6847889495552515	3.0
6.0113138749730259	-17.6586753645514811	3.0
7.7226046442846910	-20.8666813021814121	3.0
8.8609824983509728	-21.0959237308983170	3.0
8.9403023158600927	-19.6516871035352807	3.0
12.2204420288800240	-21.1884952753120785	3.0
11.4084608280165281	-23.3192531735415578	3.0
6.8605660270447251	-22.3616420636839450	3.0
7.5315213077955354	-19.7849090335028812	3.0
7.0678916660540088	-17.7687681047321711	3.0
10.5871485081459191	-17.0145091815934926	3.0
11.6555027548901453	-22.6205704238739038	3.0
11.8272326204863116	-19.2558085181143213	3.0
17.5633802576122982	-15.4996581298927101	3.0
8.6847147798715447	-22.4355623654106893	3.0
9.4450195038862983	-19.5412157723307018	3.0
14.8889955975242234	-19.5302935000005071	3.0
12.4769203162840387	-20.1826540959966110	3.0
7.8914362630929871	-22.2499608102640458	3.0
8.5824033277305727	-17.9645296262930216	3.0
14.3533403835644453	-16.6223574310489397	3.0
9.1757382577492184	-22.3266999103809560	3.0
9.7815567433820743	-18.1490503527206570	3.0
12.7781134301852664	-16.3890405725329984	3.0
5.1170819569936823	-8.4809245880735169	3.0
28.9448671666311057	-11.2817714243340390	3.0
17.9563466260355256	-13.0210379193616017	3.0
4.8394359887374723	-7.4075582179186137	3.0
10.3764141870759357	-20.7203625018493831	3.0
14.3274667233535613	-19.1242173924080490	3.0
6.5977235803983696	-19.0556495118275606	3.0
7.7929096517114633	-20.6124693671353576	3.0
9.4595486863314946	-18.6687004752717201	3.0
21.7090765088733484	-11.8372632964959354	3.0
12.4283495479641122	-17.6513966873552697	3.0
8.2005271147684766	-22.2769443340678848	3.0
10.1633336136999706	-16.5734779639003165	3.0
9.4694571049403002	-17.0522121441385082	3.0
14.0908685295510931	-20.0028767472129019	3.0
9.3040079758248204	-21.2772048824565907	3.0
11.8641033383903025	-20.4512607830948276	3.0
14.7016049477838671	-17.1681256022074820	3.0
11.2779347190807879	-21.0068768038612959	3.0
14.9721346528169601	-37.4166434854470253	3.0
9.2484245969861458	-17.1747382877528274	3.0
10.4502633401862379	-15.9852161333465101	3.0
8.7186393692661621	-18.4153673145887353	3.0
12.5052852100516407	-21.9782510549314338	3.0
12.2502305557233040	-21.0178499864131254	3.0
7.0986227480353579	-14.3830712325851717	3.0
11.5158448453208404	-21.4212919167955249	3.0
14.4432171749620970	-18.4324317581481445	3.0
7.3384106465548449	-17.8046960941769647	3.0
8.7721069401901790	-18.1198812261654538	3.0
1.4730351978670952	-10.8949470573490252	3.0
7.1283119228613971	-23.2129645336744375	3.0
5.6130800207910232	-20.6397855117807012	3.0
5.1120963404715338	-17.7537336001457824	3.0
9.7472749648668486	-20.2531081995381186	3.0
7.4842968745590337	-18.8291694945002845	3.0
13.5827831508451737	-17.5762662605683957	3.0
8.0130182779621073	-23.5311022337562825	3.0
9.5841613946986044	-17.9472082562923738	3.0
7.1515285905370201	-20.9832823544543849	3.0
6.6461029352626220	-19.1571334729674021	3.0
24.1544220117371466	-4.4002050199578688	3.0
10.9110226990297594	-19.7695947584568081	3.0
9.2607985846116190	-20.7071725996057232	3.0
8.0621813487377434	-20.3931911382596631	3.0
9.3001935396329518	-19.5170858645875533	3.0
9.6762805822388831	-16.2871264680788883	3.0
9.6468694534364303	-21.0190996526783174	3.0
10.6349445615077798	-23.6327238574121417	3.0
11.2056303764855389	5.8760389996041749	3.0
7.7835153790609857	-18.1162161663640759	3.0
6.1215536430397766	-20.1440093483746416	3.0
10.1088640135915266	-22.0382098692473569	3.0
9.4175577487751241	-24.0200511320492467	3.0
15.7230067924355890	-20.8046050435298646	3.0
13.2075376439039278	-17.9023297648133664	3.0
12.2745567982373061	-19.5546753691302904	3.0
7.6622968684513575	-17.9178397323687584	3.0
9.6105770099191847	-20.5268541677405452	3.0
8.2870112696479339	-24.3783998822293029	3.0
10.1373741097219341	-22.3590221036294636	3.0
6.8938331924209173	-16.9060515321806903	3.0
12.8076368120602915	-18.2440685489082703	3.0
12.6777145726924267	-24.0705375314539012	3.0
16.0809251442026451	-21.7823128055235919	3.0
8.4635107939282026	-17.4924406405307593	3.0
6.2615463764042367	-21.7012093414849510	3.0
-5.3967753044588500	-19.9286726583486029	4.0
-3.7324479313919725	-20.9177117544426494	4.0
-6.2652119515009934	-21.0565022995234337	4.0
-7.8809294729966890	-20.2501437394671555	4.0
-8.3294516218127725	-27.8478320449943233	4.0
-4.0254445515357506	-27.5420739195329460	4.0
-6.6540135005395840	-17.2348132358573025	4.0
-4.1850721485251627	-18.0206397429361580	4.0
-9.8212623532198275	-22.4562000072289152	4.0
-8.5306700493132794	-19.2669883577656798	4.0
-4.6057537045877295	-22.4126132556973481	4.0
3.6036988554453915	-10.5704396919401624	4.0
-6.3037923012728729	-23.4384535307721897	4.0
-7.3092320989072217	-21.8591815637187139	4.0
-0.6504022104208413	-22.1445254083115444	4.0
-1.0929084325166851	-19.1558399151197492	4.0
-1.6132438878196755	-22.7559474590997226	4.0
-5.8659445431865125	-18.2440772946152983	4.0
-8.7438308535242300	-18.7207394379652428	4.0
-6.4747711236119949	-18.4300801208330398	4.0
-7.8652210554662547	-15.1779591966945411	4.0
-6.9288889892719885	-22.8078950393229540	4.0
-6.7267707068758966	-24.6878642729878379	4.0
-2.4922860593181224	-23.1117856209441683	4.0
-2.1221903962033881	-20.8996765194281409	4.0
-6.3838818335037226	-15.6152066787265866	4.0
-3.5915917359205505	-24.7856606922617111	4.0
-7.6895982389979833	-16.4691525496125131	4.0
-2.1567582212855707	-18.0917863518709900	4.0
-4.7573763328756984	-19.4545610198949568	4.0
-8.3795779163457400	-20.0401957147417882	4.0
-10.0165521888229634	-24.2500430745162596	4.0
-5.8208792701245846	-20.1120774806185132	4.0
-6.9010984874902057	-16.3022854457047650	4.0
-1.8077056943634469	-21.7515944734395674	4.0
-6.4249008746147238	-18.8755432192492556	4.0
-8.6366783222315870	-15.1109272712786957	4.0
-7.4928768210386911	-19.6580897805145582	4.0
-8.2761044565550090	-26.1183080352203838	4.0
15.6627166748125717	11.8320322586322213	4.0
-9.2556608112688945	-8.8778770245532321	4.0
-9.0469120191750871	-23.1864810702709150	4.0
-4.1944323427571009	-18.9112876905171632	4.0
-4.9457569322589343	-26.4788471402735972	4.0
-1.2172670178742586	-25.9882722368674699	4.0
-18.5464810668662423	4.6472533396964675	4.0
-8.8773492011634474	-20.9519466914172803	4.0
-7.4883314453679644	-19.2742498448316617	4.0
-2.5929756616664683	-20.3247512265673080	4.0
-5.9960116620873789	-16.6378142360188512	4.0
-7.6445682259414784	-21.4117206828490936	4.0
-6.1780352198138635	-19.4519001648104393	4.0
-8.2523920513969813	-27.5176763512960996	4.0
-3.7233649335312444	-20.0131115325630375	4.0
-3.1840424528676974	-18.7945334878432533	4.0
-5.1124763029039935	-20.9460347691596915	4.0
-5.4076921413307586	-20.8098329402650144	4.0
-6.5099415801569460	-26.1648042260348497	4.0
-3.3298027600655549	-19.4423034670322288	4.0
-7.8413438835909171	-20.6257095605015692	4.0
-11.7620349392458632	-22.3329185652018438	4.0
-5.1818070930090503	-16.9775432853635984	4.0
-0.9452851363878614	-21.7645672679898894	4.0
-3.3614645385123589	-22.5286518036405674	4.0
-9.6795843236479389	-25.3836125851807779	4.0
-5.0582862808942197	-24.6959766433647658	4.0
0.8586167921977983	-13.3490240852763655	4.0
-0.6116109904850539	-11.2690894173531539	4.0
-8.9533933944816013	-23.0876744065633694	4.0
-3.6981006326088317	-17.7331506169875759	4.0
-8.1738689663446760	-22.0292114322471271	4.0
-6.1042974364610370	-23.3958508808904639	4.0
-7.8986428254895760	-25.6265954694301890	4.0
-1.5120942856452642	-24.2750943631951976	4.0
-3.8953689726592797	-23.9453401830210169	4.0
-7.1833566366807631	-20.5648225681878856	4.0
-8.6299589399123544	-16.5138842321021926	4.0
-7.8757158435287824	-17.9408033155764635	4.0
-8.4802163348339370	-20.9220728522114428	4.0
-22.0071358607847642	-6.5259815679078095	4.0
-3.0491996178534313	-23.5761153517614943	4.0
-6.7867517597135274	-16.9683576266492118	4.0
-6.7820727674736565	-16.0474262788188149	4.0
-5.8262320859201164	-8.5172380411860136	4.0
-3.9450088559684540	-21.1441191187891029	4.0
-5.2286653122905200	-21.9891475045616964	4.0
-2.8774864509039366	-23.7895930799791380	4.0
-4.7899751882186266	-18.9146040267587630	4.0
-4.2012701241779142	-16.9872697197732876	4.0
-5.3119034413833068	-18.4296962627887808	4.0
-6.9922755156523619	-19.6688089415743086	4.0
-18.6493173235092655	4.6877356619489019	4.0
-4.0622920251872348	-23.4612257510369062	4.0
-4.7027758364331369	-21.2303157716950963	4.0
-3.8448100912695864	-21.0984212943367488	4.0
-3.0230403451055583	-15.7783036013355620	4.0
-7.5215834663708216	-17.3192484540575471	4.0
-3.3802168446863803	1.7912948901084071	4.0
-4.6291111958913085	-20.4482605941627895	4.0
-2.8404505352713945	-24.8809145304005241	4.0
-5.3433809618182284	-17.8067110891354652	4.0
6.0064465795881929	11.4439310087330544	4.0
-3.5349446911463778	-22.1027323857644262	4.0
-6.0002721468950844	-17.6157805211169993	4.0
-5.3757938917934256	-21.2192763624232619	4.0
0.2103384878288944	-11.4190818368128895	4.0
-9.9000794965188543	-26.0084500537297281	4.0
-0.9473297629372137	-20.0602397435631872	4.0
-4.1811303544107599	-22.0822568582692469	4.0
-3.6585523308706724	-22.9590442569733177	4.0
-9.4996240408821340	-25.1528855983623814	4.0
-7.8412423701525205	-14.2645632371848468	4.0
-8.7731265807925549	-23.7797210690925311	4.0
-4.3309486531644215	-18.4484595060158831	4.0
-5.4259231476325827	-21.5128293742845642	4.0
-3.5995461449492097	-16.9251268557874965	4.0
-5.3107895024577552	-20.0774294756382901	4.0
-6.1181483367348104	-27.9438996188626021	4.0
-7.7337558346570505	-25.5575346205949891	4.0
-2.2461262652980363	-22.0290916307437250	4.0
-2.4586509803908170	-16.6764057117453461	4.0
-10.3990400559966947	-21.2421210844914441	4.0
-2.3172804970940546	-20.7780292960707946	4.0
-2.2069843696148244	-23.7182170475623124	4.0
-6.3016155949622235	-21.4520388136820692	4.0
6.7014101600556559	2.2129371800435051	4.0
-3.6826502306032620	-25.9548970477847760	4.0
-2.6127585750613265	-22.1200349227675410	4.0
-5.0965283998189381	-23.1601778524107438	4.0
-6.5420484046845271	-20.0197285702456789	4.0
-6.3331498613568797	-20.7801690681790063	4.0
-3.6051415407053837	-25.5869656119815581	4.0
-10.5916408673059337	-21.1144296402829887	4.0
-4.7459364850222121	-19.5232565339158697	4.0
-3.7944586347852058	-22.5622606396148839	4.0
-4.7204422278300360	-18.3045241401894785	4.0
-4.8361987247410108	-24.0678571905366283	4.0
-6.0977121179212066	-23.5680626414599814	4.0
-2.7209265119661006	-21.6569141191063004	4.0
-7.1732216575634880	-23.0326358769010824	4.0
-5.2861508623137698	-15.9897499677216199	4.0
-7.9714103622200767	-23.2634267248118789	4.0
-5.4872203428556725	-22.3408907970304149	4.0
-5.2703941247427890	-25.2073504841586242	4.0
-6.5557232205511733	-21.5048273605973250	4.0
-7.9932577553344979	-23.9412317434859858	4.0
-3.2392853560422754	-20.0417274410512150	4.0
-8.9384785846440504	-22.0130807173915244	4.0
-23.3871324953711728	-13.8641992000750260	4.0
-6.4402099190362092	-22.7300929046288012	4.0
-4.2354393456165127	-19.0876700918287234	4.0
-7.3074244262869756	-30.0816548940821136	4.0
-10.4512458941836783	-27.5820690862003630	4.0
-1.6191467542764884	-15.4429010568718912	4.0
-7.3324103902179649	-18.4563682607898762	4.0
3.4599970205539927	26.4914180054055102	4.0
-2.3521271868930516	-16.6691818183861891	4.0
0.6240164157469009	-5.5999619388593960	4.0
-5.5170151675147077	-18.0090872900451267	4.0
-3.0652445331752118	-23.3937720353529208	4.0
-6.0025567005256937	-17.3156324885782311	4.0
-4.6066077349631147	-22.7255553557197238	4.0
-7.7456006099337706	-15.4435296463937508	4.0
-4.0002086161171180	-27.6244082229267427	4.0
-3.5849063358931628	-25.6546986844629750	4.0
-7.3834713274804917	-21.7425270933403176	4.0
-7.5936605448599872	-22.9030451107291562	4.0
-5.1351948447091562	-16.1867490669290390	4.0
1.0100879440613826	-7.4250973702165091	4.0
-3.0748302239655412	-18.2846885928604124	4.0
-1.9116175826430455	-20.7252662919993860	4.0
-5.9566581351565651	-19.1056085009593097	4.0
-4.4978284153364374	-11.8799987900539286	4.0
-8.5106190640030555	-18.2565784074853887	4.0
-2.5309125940598212	-17.6365948417998943	4.0
-3.0357516055408134	-17.1428384075447546	4.0
-8.4962945281348716	-16.4248410862558423	4.0
-2.1275625788700006	-18.9457381476346285	4.0
-4.1246869799806998	-15.5129421480540337	4.0
-9.0228349620229729	-22.1643820726328187	4.0
-5.1898205827067274	-16.4626666247384073	4.0
-6.1315069486262574	-16.2876594197273015	4.0
-4.3649406246963132	-29.2505149615372133	4.0
-2.7082125647136022	-19.1586840079223606	4.0
-6.9223965505212268	-17.6908060625380976	4.0
-21.5669030466515252	-10.7647684461492794	4.0
-5.1622224454197427	-24.4316275863240477	4.0
-6.5327380371188513	-15.7678851212481099	4.0
-6.9003533044205643	-18.2164960850194113	4.0
-5.3077045394874984	-19.4642540162442934	4.0
-2.3485021150875283	-18.7109284599325889	4.0
-7.1506888332766900	-18.7847317554139366	4.0
-2.0865139069229124	-28.0196302809944982	4.0
-4.4840471328126821	-21.3431872751213518	4.0
-8.6373540685531509	-20.2026359324344327	4.0
-7.0033881325047824	-24.4129316431367549	4.0
-7.6841318962461997	-15.0344878729770386	4.0
-3.0973580342999600	-21.1285683000642770	4.0
-2.3461498136559937	-14.3171001012973278	4.0
-4.7305624871264236	-20.6792992838755652	4.0
-19.4212067488993441	9.4197605985021120	5.0
-19.0470586889195346	9.5866503477271756	5.0
-12.7031504856516921	13.7135347337667710	5.0
-16.2581437019561257	10.3422737355583649	5.0
-15.9464314949529289	8.9933114042270681	5.0
-19.2853657399098530	9.7046985183034984	5.0
-16.3655093067743422	7.7424080110358968	5.0
-9.2596673333317980	7.9482276156632512	5.0
-14.4384636066640564	7.5862374668088597	5.0
-11.7629654224940605	12.4529198705202191	5.0
-21.2200757638035995	14.9764550097008140	5.0
5.0786887969202441	-9.3409524223842890	5.0
-15.9380626049858858	2.0610998364998596	5.0
-17.6872800555030096	11.4655323759429102	5.0
-20.7924445354201382	11.4625305555303765	5.0
-13.9581178460308060	11.0968985508340090	5.0
-15.2109898563653125	12.4647338590679624	5.0
-14.6749643039648063	11.5331258808575292	5.0
-22.2500943749425701	15.5591754121153905	5.0
-18.4691910797252028	11.8315846202799904	5.0
-14.7719873277565785	9.9533838932386924	5.0
-20.2312957588122764	12.6066524581027757	5.0
-19.9038936602986247	13.5696751259708552	5.0
-17.3967958984834681	8.0262337717792551	5.0
-22.4979509683482846	11.5074238087687295	5.0
-18.6855810154557815	12.8459008435616102	5.0
-17.2619935792687222	6.8164691005710294	5.0
-17.9923880067241058	9.1736693128284781	5.0
-13.0904123080954005	-11.0305021123527993	5.0
-14.5034156889896657	8.5863028031794144	5.0
-16.9845137613873263	10.9461819912409535	5.0
-19.8093283875907780	8.2864354960114586	5.0
-13.4355539394039933	7.3051368512979096	5.0
-19.5035557394161678	12.0940318507015707	5.0
-9.4149943793599320	-10.2412050565930404	5.0
-12.9586147069314670	9.4479113976791016	5.0
-21.1892269025645525	10.8746473743145682	5.0
-19.9828565828473081	12.5090930274989915	5.0
-16.5856983698280800	10.1115524948919351	5.0
-15.4099618105079976	11.1831018915453289	5.0
-18.9993962523282889	10.9642084654734067	5.0
-15.2688683628718067	12.2493342192228791	5.0
-18.2295541673281711	15.0542526052779539	5.0
-17.1132809731430733	12.7150435102381927	5.0
-22.1837513569814142	10.3090849798599962	5.0
-19.5011580980388146	9.1401870551506708	5.0
-13.8177788406721618	12.3249460417318204	5.0
-20.3628504608235765	9.6340321412176628	5.0
-12.9729925487603825	10.4948348902075903	5.0
4.9248104244516711	16.4245606344965083	5.0
0.8235382064814923	18.6688071684517745	5.0
-8.2549850690749178	12.5976304784490321	5.0
11.6566287304458776	5.0474480522708598	5.0
-10.4752801192309128	14.4608782168605945	5.0
-12.7495218946402122	11.3403930871386311	5.0
-22.8135703375291214	8.8777143452333842	5.0
-18.1990641225287746	7.4825199455006857	5.0
-18.3547153327637389	12.8047696220017340	5.0
-16.2855254379600574	13.7210610387894292	5.0
-18.6873113907523312	14.9672186529623090	5.0
-22.0599176704465769	11.5222149775892611	5.0
-13.6588311716055841	10.3669544224742882	5.0
-21.8850931414790359	9.1143643818770954	5.0
-21.0402106989874405	10.5417745432677030	5.0
-13.4614185346972395	11.1033938714221190	5.0
-18.8952030596936993	10.0128240494912255	5.0
-14.7909871716101655	13.4013277806730606	5.0
-14.8564770887108502	12.7854798574335931	5.0
-0.7026535743991698	-0.0995987356745311	5.0
-16.1324263905970895	11.6037474104370677	5.0
-15.9410958723884892	11.6402149373989641	5.0
-15.9629254604997453	14.7512415110958965	5.0
-13.7221760712072260	10.1013035028217910	5.0
-21.2113599545331724	11.1945464161217494	5.0
-17.1697349311533962	14.6648013381543603	5.0
-22.8072796482870572	10.4474216544205358	5.0
-21.2218137314945388	13.4758754515402366	5.0
-24.9590308890396742	8.3678495338144643	5.0
-19.7495771823260320	12.5852543619577606	5.0
-17.6279325668919178	9.6186253576572653	5.0
-19.8194251589352533	15.0363299147708069	5.0
-19.4401747764638593	9.0631374980882953	5.0
6.4733971393866110	15.6368722127631905	5.0
-18.9987501150876774	10.5998151863657597	5.0
-19.3801456093554876	6.7263474627072144	5.0
-23.7269039140782247	14.5321101066583935	5.0
-1.2707977041330150	0.4704215461889764	5.0
-3.1330596341177404	-2.5028339712301797	5.0
-21.1881005477979834	11.6168733786877834	5.0
-21.0174878653068973	12.6951936087161723	5.0
13.2548329819443129	12.0898012698548509	5.0
-22.6796313459144017	12.7019918054580181	5.0
3.8208647358519356	1.3094794968519698	5.0
-11.5232814640837162	11.6953018484288336	5.0
-19.2289649759741721	14.1334642901895524	5.0
-15.9771832669420011	12.7830323757963900	5.0
-14.3195665513328070	8.7670329259900299	5.0
-18.4479697132104583	13.2145863148481020	5.0
-22.8640274051729513	14.7272986473305068	5.0
-19.7593277467682320	10.2279997550010524	5.0
6.0465829017643120	15.6648864588559054	5.0
-17.8734201695015784	10.8545850714329060	5.0
-8.6273350861395759	27.0282274846520210	5.0
-12.7344994471533752	8.5616038152518303	5.0
-21.0969813844709435	12.8391875858722475	5.0
-19.1349686164599149	-4.1356598137324756	5.0
-1.3804091586568135	-9.6279253475842737	5.0
-13.1854439004581963	15.8018692515254138	5.0
-20.6630198673782175	15.0121796364799795	5.0
-15.9904073265696756	12.2736007718351949	5.0
-14.6354451405414032	10.1890247856258345	5.0
-15.4491375117221335	11.8512424827511005	5.0
-26.5364215307108431	10.5965326340808321	5.0
-18.1194912848142700	14.1986864790474794	5.0
-15.4452450801742263	3.5571762408991621	5.0
-13.6841509488991395	7.7603416423865550	5.0
-13.8980980578596274	12.2843301519722026	5.0
-16.3466452866781857	13.0554219830041429	5.0
-20.1856848198143481	10.4374786211425352	5.0
-21.8501923385851988	8.7451111837538580	5.0
-18.4717510268734557	12.0501959781158980	5.0
-15.1774321923222395	7.7662244718503457	5.0
-15.7079653335923215	13.5751634039494444	5.0
-14.2506114279737002	7.3049460440918166	5.0
-17.3896124619562613	8.9022971467362808	5.0
-12.2952042175677132	10.2495425711472983	5.0
-16.6579483901533152	9.2001349386060394	5.0
-14.3567164291481522	13.9535906925729378	5.0
-17.1041228631030222	14.7847765414337768	5.0
-11.6680243083290023	8.8994393322583267	5.0
-13.7766867598799063	12.8223784436917736	5.0
2.7776152335417357	15.1863238973060586	5.0
-6.6763445786660931	-14.5116692772806051	5.0
-15.4461893746681369	7.0347829979915204	5.0
-23.2084947312612044	11.6855908436538591	5.0
-12.6498854320679435	10.5971518839398531	5.0
-12.9353998177269869	11.1607792743664387	5.0
-15.9279099846710324	8.3327257821745651	5.0
-13.9458909106085684	9.8246156825092612	5.0
-17.1063450458613531	12.0178989905346949	5.0
-11.9041839340334210	12.4663593088148605	5.0
-14.7523748961066374	10.8680564860660329	5.0
-21.1133634185230505	9.0140366435531547	5.0
-12.8335489649851375	11.7705785550672726	5.0
-10.1409676821724215	7.2266559497665117	5.0
-8.8218081320578428	16.9158222544531895	5.0
-18.1994405772124885	9.4275607518552835	5.0
-17.2449754550047096	13.3696500354500500	5.0
-18.9721054731979741	15.5809136790152074	5.0
-16.9608663576275731	11.5493787209081233	5.0
-12.7657839363977832	11.6078301613711989	5.0
-17.8961063286606397	13.2026518691285073	5.0
-17.2586397806132297	12.4007317129025179	5.0
-18.1617846933826854	10.8493782691061877	5.0
-20.4253387289357882	10.4405769132182780	5.0
-20.1075374824627389	13.7161794277586555	5.0
-21.5142301443118953	10.6095392056990061	5.0
-20.2887075384339610	7.7368584391504207	5.0
-16.2769690570243988	8.7733782384371235	5.0
-16.6325598939536370	4.7268855990761880	5.0
-14.8542448725727176	12.9392159917956437	5.0
-19.7651888052556011	10.9418601392471739	5.0
-16.7939655930133007	15.9207006421156834	5.0
-19.5376411428632508	11.8485522360957578	5.0
-12.6683123011159857	6.0583678635195160	5.0
-23.9149230082820878	6.7611673438534581	5.0
-17.9714468503243587	13.1292541626072126	5.0
-10.8596176982371304	7.5827027078837723	5.0
-15.3758117836708568	9.0624667791378872	5.0
-22.3803413889473006	15.2352333509336724	5.0
-13.4516800973059656	9.4110116302547464	5.0
-14.5420321605225400	8.5580070391684515	5.0
-17.3345368278395426	10.5562090168805653	5.0
5.8931549788982514	15.7112996810201793	5.0
-6.2116311795859591	8.6145712444225868	5.0
-17.3816914680427601	13.1441692180919105	5.0
-16.7627193499387701	9.9461041177836300	5.0
-17.6599620611831511	9.5417367750813273	5.0
-18.0731177172511721	10.6238656062067491	5.0
-18.5685012450251108	14.8805360236807047	5.0
-16.9411992965816438	11.1425454010728995	5.0
-14.8327560859931520	11.5741260321547568	5.0
0.2504833138841497	-14.3675939112514683	5.0
-15.5898329142379666	9.5430296950691282	5.0
-1.7400249462970661	-6.1237510421224712	5.0
-21.9729256290448056	8.3524740899318761	5.0
-8.9637471231823547	9.5668561312660660	5.0
-7.7105977586677019	14.4908135877942925	5.0
-12.7013766534865979	8.6389380764446209	5.0
-15.3307080761589418	2.9414250886809392	5.0
-21.6024170615125399	9.7177306622544712	5.0
-15.0059413806022981	11.3441141987961256	5.0
-14.1369741243771241	11.2640989486405889	5.0
-19.9048071270966176	8.5521169909380195	5.0
-16.3591283782348533	7.3414407498714969	5.0
-24.3552228677446827	-8.8667187477271181	5.0
-15.5779729042743629	10.5295707510244583	5.0
-9.2035846660417082	7.8529434337259421	5.0
-16.2326946088442341	13.6530744627000278	5.0
-24.0967666058830190	10.9935839999685339	5.0
-9.9007546230392922	24.5442748382944806	6.0
14.2661309504381464	23.7682713043175937	6.0
-1.9883967772071964	22.6531513473174009	6.0
-7.8488096765121895	26.2149162329443719	6.0
-13.9472215466040605	21.9837628642611094	6.0
-7.1628183865609261	29.3732738063043293	6.0
-6.4352077122022902	27.8496923530637446	6.0
-4.3607771256144208	25.9715596544455494	6.0
1.2095580783338067	22.9689814374312107	6.0
-8.9072125956270121	23.3852028603267179	6.0
-12.5493181114512264	21.4502865980385238	6.0
-1.7548594556783110	21.0122090130937273	6.0
-8.6651052605995726	-7.2452680755688874	6.0
-8.8227605356354886	28.7605903279400223	6.0
-5.1295127299490071	18.5601289893403347	6.0
-7.5124874828009043	23.9665831797672695	6.0
-1.3815332365934865	23.9360317960134275	6.0
-3.3682574715303710	18.6991332281668257	6.0
-2.8336525951669902	27.1681723394986285	6.0
-13.3108415738946846	26.8282327910448863	6.0
-5.5636252966289685	21.5151852061652598	6.0
-7.7776235946067604	22.5978106745013534	6.0
-7.2327584807932137	21.6075341886935384	6.0
-1.2339427744770148	24.0183603946262103	6.0
-10.4751235025363201	21.7635125203098880	6.0
-7.2114042915017018	25.1806651263402053	6.0
-4.0955347060980927	21.5326000755685136	6.0
-5.3632709571625519	23.0539564451401837	6.0
-4.3326239354570788	21.3042329342475867	6.0
13.7088816398791682	9.2137074387859279	6.0
-5.7126488080858815	24.8957304897013181	6.0
-7.5438074327684239	21.2524674788981933	6.0
12.0907058865993182	14.2597970639672180	6.0
-4.9853920438762627	17.8413888947584560	6.0
14.1883413482868370	24.0618894032591299	6.0
-7.5686858784382753	19.0041321404332209	6.0
-14.0069203576192471	2.6151695920343210	6.0
-3.7742310828971206	24.5923935556575799	6.0
-10.2869945336223534	20.5780167511358059	6.0
-4.3449429733248044	20.3482757799579055	6.0
-5.8172199284869777	25.5106685827034774	6.0
-6.3774508642117018	24.0747135848853802	6.0
-9.6292674163413299	26.5125966274329770	6.0
-3.2025234221915455	20.6624674243729380	6.0
-6.9718402405314741	25.1581826185448243	6.0
-2.3770062570567729	23.1043373787802047	6.0
-3.2823076123336921	19.6280109775454967	6.0
-11.5151163064621027	16.5640804185626358	6.0
-5.7943139179155407	20.2925820323281805	6.0
-4.0087519797137423	24.2400636435028680	6.0
-9.1105801703469229	22.3907664698030402	6.0
-15.4918274769264084	22.2776938967294882	6.0
-9.7961692241584171	24.1758808686614408	6.0
-6.4903516593787902	26.6805712495857144	6.0
-12.3593190271877926	19.2361417232771856	6.0
-8.0595784786878006	20.1481483197268467	6.0
-5.8493043144357468	12.8849344279552547	6.0
-6.0829590687767725	20.2897027319815884	6.0
-4.0399934825045580	19.3620295217234855	6.0
-3.2171720512670103	22.1690103954738511	6.0
-5.9041552862625819	20.2787695443068579	6.0
0.3049142955387171	14.9271963267481755	6.0
-5.5457119717769583	23.0420054465713520	6.0
-8.6134910511711151	13.2790917850930583	6.0
-1.7103147346923178	19.2236879853749834	6.0
-4.5217734907908023	16.8347648557475615	6.0
-5.7193165986859107	13.3573022555476122	6.0
-6.4613988604213715	23.1537032362969271	6.0
-9.1400132542343648	20.7744042925003640	6.0
-5.6307610717180721	23.8978662464453571	6.0
-6.9218373965236086	22.0937995118325823	6.0
-4.2518082071679348	21.2036623490972573	6.0
-5.7463521721633750	28.6798934336508644	6.0
-7.0369156386470486	20.0631129324143487	6.0
-14.9888521283366956	20.8375003004592614	6.0
-8.6107496135726915	22.9653825341377811	6.0
-3.9206470280325405	25.3392040896707229	6.0
-4.7528214660704799	27.4996716867225892	6.0
-8.5514981820398184	23.1006657728153648	6.0
-6.9849124333169730	21.8045750096313142	6.0
-1.6677962505942354	19.1243939343787552	6.0
-4.7477351988786847	24.5402849329035320	6.0
-10.8973621379024994	23.4727518512293472	6.0
-4.3276633736299646	22.3676012983644341	6.0
-5.1583112856672759	22.2014672853416108	6.0
-1.6808631097972413	21.4759360402121295	6.0
0.0695026462591549	19.6617880039762944	6.0
-5.8024953503031345	26.2731638782288535	6.0
-9.4457761235803215	25.6435317185909568	6.0
-3.5252076899437479	28.5977829207461802	6.0
-6.9612115481562977	23.1955509369756356	6.0
-1.6886760058347683	26.4611844423758349	6.0
-10.7412178952138060	20.0068237219771135	6.0
-5.6719220756258242	26.6612547621278395	6.0
-10.7890781012516506	24.3206093833771284	6.0
-2.7083823792783361	22.1848060446239899	6.0
-7.0136370259504952	27.4246160291030101	6.0
-7.6653991201122436	23.4446933256679806	6.0
-7.3830022683683678	25.2381158515166284	6.0
-9.7241230123487110	22.0028867974943374	6.0
-5.4693415862842683	24.5743133799958819	6.0
-8.9952411051476453	18.8624438416514231	6.0
-7.3352707858046582	21.3173786760078450	6.0
-9.6022966787296866	26.6765404378239737	6.0
-5.4710369798081713	19.5845265906565373	6.0
-8.6303306580753016	21.1426602249831959	6.0
-6.8619916725065080	22.9260199274179826	6.0
-9.7347618203773454	20.7682937396099376	6.0
-3.8749127723825754	2.7850482675057577	6.0
-7.7437413939317610	20.3118180713629357	6.0
-7.8411723957160344	22.8991151781557107	6.0
-0.6458288467609689	21.5877538011449772	6.0
-5.8546832767112678	21.1895055965691377	6.0
-3.4861769100436928	20.7506060149434290	6.0
-8.3880319096289924	24.1921180044539490	6.0
-10.1750761416081819	20.7015132647351727	6.0
-4.1065023601897170	23.2408598442886216	6.0
-5.6185894961876004	23.4236602686329718	6.0
-4.5997147175929598	23.9581336830615115	6.0
-10.5312439049258160	23.1841937092971868	6.0
-4.0476096775551218	19.6877747539128265	6.0
-2.7484176027563256	20.3853572204141429	6.0
-4.7432232327795489	25.9799425398019501	6.0
-7.1011690956237521	26.2966013791003164	6.0
-7.9027536446459772	22.6851439210823855	6.0
10.7486354277608758	13.5024473862856809	6.0
-10.8407398723263739	23.3471484738290940	6.0
-3.2263540387271301	22.0013887550017593	6.0
-11.0889692111183145	21.5080511048143066	6.0
-11.2876952945660722	22.2722910200364872	6.0
-7.4445671866188592	19.1332397834259567	6.0
-8.0992508264897296	21.8867720630539004	6.0
-6.5323508332912663	25.2333201877433240	6.0
-2.9815931744786242	23.5665189674837130	6.0
-6.6388963611312937	22.4996197329456002	6.0
-11.0627908941303215	26.4469232835354440	6.0
-13.1289905525146313	24.0769569996183144	6.0
-2.3035198013154710	25.4132062299951649	6.0
-6.2041194632884711	25.4044561238261899	6.0
-9.8604158768567576	24.0929417046767753	6.0
-4.7629945093320920	-1.9082999410991035	6.0
-7.0017290388284223	27.4259293204588310	6.0
-6.9715335916572263	20.7147463447361879	6.0
-8.7349124719835185	24.7991154661465032	6.0
-3.5105060538832542	26.7353307821754562	6.0
-8.4786275670203963	25.0241323224169570	6.0
-7.2130076334470967	17.4520807468161294	6.0
-8.6885925171072529	28.2096750967886436	6.0
-5.9457681430882294	19.1040784742904393	6.0
-9.2636015618993426	20.6822926678500814	6.0
-9.1869571968809076	21.9510397155658019	6.0
-3.9571629816066114	21.7167140287091591	6.0
-4.0119862206974108	26.3057375891829146	6.0
-4.9928539223268524	19.8078018836822984	6.0
-6.4152948640842276	21.4891295002813294	6.0
-6.8349474876309833	25.1955786123871484	6.0
-3.2193279054145854	22.0370265159873000	6.0
-10.4215958643075730	25.0884951206479769	6.0
-6.7662990440893829	25.1692149164917822	6.0
-12.6720588469989330	25.5359865624946956	6.0
-2.4296296983600256	21.2979943143466528	6.0
-12.4439409867652877	18.5070797143868688	6.0
-8.6879067256821756	21.8644858394878305	6.0
-8.4292783838655190	24.4100872598077459	6.0
-5.1428527375043274	20.2883081635229381	6.0
-3.2317473701769677	23.8043672588188144	6.0
-1.6999919950248839	19.9391501737362447	6.0
-5.6246922188667527	26.4697929939215157	6.0
-6.0050599362685375	21.7173300214333835	6.0
-4.6018869798250925	24.6087163269325195	6.0
2.8869679846142873	-4.6734781629724234	6.0
-8.9378684951757599	28.9681083314908356	6.0
-9.1229157608940881	23.1220962082498076	6.0
-6.2899280006479099	22.6375891356747125	6.0
-5.3343786423326209	21.9092410840915477	6.0
-4.3272705681871653	22.8567452473308919	6.0
-3.1736778555203027	23.6138513920785087	6.0
-11.4968409322677250	28.5018061720179112	6.0
-4.9028127763037022	19.2359795450378783	6.0
-20.6937486778504685	3.4416252049776368	6.0
-9.0351748009086936	20.3044137280230252	6.0
-4.3293572281904655	24.2070995346513982	6.0
-3.6576932706407583	26.4827176815861165	6.0
-12.5947386761725575	25.5439457203418634	6.0
-4.7166237992647906	28.5307298924936283	6.0
-4.1690466289152317	23.1564129911169339	6.0
-12.3687015112987861	23.1123287321119335	6.0
-5.5263164007477279	21.0931116467479107	6.0
6.9763983058449233	-1.6038798965089327	6.0
-7.0996708722366462	22.1435770135531840	6.0
-15.1199182754156922	20.8495230552771531	6.0
8.6562144662467890	11.8748681049805302	6.0
-4.4882213759445380	20.6668160724031615	6.0
-4.7161144876210450	19.5220912439688306	6.0
-8.6809793971968929	27.7593252223196849	6.0
-7.2321136720836101	23.9770813325968817	6.0
-8.1638933695827856	25.2532613692511774	6.0
-3.7531591346603941	25.3676382534018572	6.0
-7.0053487019312053	19.6250634519555831	6.0
10.4553190813029104	4.0588622591242283	6.0
18.3957682182419440	18.5780790318185822	7.0
14.6804656681199024	25.8856074241485885	7.0
15.1272292577276435	22.4500886435970770	7.0
16.7572494476436304	19.2834119838196365	7.0
7.3667414727717597	16.4253152088199954	7.0
13.5411699286485021	18.8374696997604509	7.0
9.8650144534369009	16.7575172376431745	7.0
15.6640390825443792	20.1095357873127689	7.0
9.5577814430477233	19.1260549966220523	7.0
11.7900184493526634	18.8316274682297689	7.0
12.3001338240505156	18.0216436570293226	7.0
18.5964642101245019	18.3979588054577512	7.0
11.0583279296033687	20.0293396545930129	7.0
17.7356071267588931	17.1717526303999328	7.0
12.9907682809571536	19.1595835555679948	7.0
12.9337153460698282	16.8565197711465480	7.0
10.4378699666068595	18.6178947253780649	7.0
10.5032895760166589	19.6844280798935500	7.0
14.8912277019286918	17.2228791081779740	7.0
16.7533839614102789	21.0456353711529474	7.0
14.6917591878240508	18.5288464178630541	7.0
15.5369178502335838	22.9734721676843066	7.0
17.6699692984658334	24.6280251822855334	7.0
15.7042391098021881	19.1836709653240653	7.0
14.8287335561094391	21.5505370303926078	7.0
14.0192706486851222	18.4623132994622132	7.0
16.9551382288301618	20.8798775794770179	7.0
9.5494530997160965	19.9296535462996651	7.0
15.9026307782493088	20.0714390238400924	7.0
9.7995311448566582	22.3860773437320937	7.0
18.9285275446397314	19.7264257878720635	7.0
3.3797918794839132	23.4725442635857995	7.0
14.0529507768909028	19.5808833609480999	7.0
15.5777958960220158	21.8037265941554956	7.0
12.4431602470254710	22.0909296622822211	7.0
14.7777902706115025	20.0795600622484081	7.0
13.4356287465470512	21.0451860757640610	7.0
14.1266546458435247	16.9828304144909659	7.0
9.1100365598324355	18.0087381625860630	7.0
17.1495215647583485	20.5032259934287282	7.0
-0.4216462276589881	25.6811062452644414	7.0
16.5183216336188003	17.6163685003355539	7.0
11.3752390429736341	19.4061999241756951	7.0
12.1062744374710807	19.4497517108190969	7.0
12.4710600883399625	21.6851116741677536	7.0
13.4690782718230775	17.7770978895702463	7.0
16.8929521447390911	18.2584479386687626	7.0
12.7006279589680808	23.3971698889877722	7.0
13.6440720166913092	21.3002421939157713	7.0
14.7226536719615559	19.7892288428260059	7.0
15.4189517965212168	19.1268923284346535	7.0
15.6966921158649271	20.0487703808831554	7.0
14.0331066764555743	23.0142936590147364	7.0
14.9209504456886570	17.9132773295795715	7.0
17.2718752735065273	19.5690978601579140	7.0
17.3587371248331515	23.3123271674242751	7.0
11.7890742614952249	20.3651850134918853	7.0
13.1367976026728055	22.5638810450631127	7.0
20.1355208037479585	21.7230341578950181	7.0
15.7514002270000510	18.2385289458405389	7.0
11.9081323627784208	17.4637608755336444	7.0
18.2964813928903638	21.4800497029437629	7.0
21.8005781346855692	20.2692912009901391	7.0
16.6165781305446494	22.3127998106902012	7.0
19.2131548771712453	24.0112468935045307	7.0
16.1987204151199826	22.2605950992683645	7.0
9.6061175363492293	19.5233176067041754	7.0
14.8661734075884748	21.1939317190426131	7.0
12.5983658444442437	25.4874916919685184	7.0
9.5863498485941161	20.4181050932014578	7.0
6.2899977893165193	14.1152689078246549	7.0
14.1589082707016178	17.4327581523548893	7.0
11.9827433648860122	9.3474001273174654	7.0
16.9950584450963582	16.1853886252690344	7.0
10.4166234116445917	16.7644512584903183	7.0
15.8751917295230687	23.3512727795845336	7.0
21.8636243424035328	23.6388315695748190	7.0
17.0967320355612458	20.8442339683116487	7.0
15.5445082448090464	16.8560184153067176	7.0
14.9496756296476523	22.9949090658312016	7.0
-9.5934938901480642	-6.8849377314441327	7.0
11.4887617170407115	21.4642166487274011	7.0
9.2304454761715107	18.0554639942359074	7.0
16.4150986719584253	19.3491153383740588	7.0
10.2465964417211968	22.1917056582232419	7.0
11.3500014668956855	23.5931625347709719	7.0
14.1439570295786972	20.8055481235512154	7.0
10.7031499441782092	19.5994315163714106	7.0
15.7099357661411805	23.7702948896002049	7.0
11.5314876977086485	17.3717612466376252	7.0
16.9728688603842812	19.5088514751040947	7.0
11.6731297905188587	20.9994824405973048	7.0
12.9967906171834233	23.4750715242413683	7.0
19.5277807534544650	24.0542402060281404	7.0
20.1360958791186810	21.5407343712379706	7.0
12.6903393119421466	24.5428001502221385	7.0
20.4049474877677390	15.6772330608091472	7.0
16.9989482857008198	18.4431571853590235	7.0
16.5239474725411917	24.0986441653224013	7.0
16.1585236882519183	19.0370817980775193	7.0
-2.3805525419773987	24.3060093500951631	7.0
15.2119424394768235	15.2437410927837664	7.0
16.2503912834750324	16.5704065953746742	7.0
11.2211581091239090	21.2151620745914897	7.0
11.3910622578302814	23.5366600920828475	7.0
15.9167694370474528	23.6885828541616839	7.0
13.2050386633681338	17.9934464636914235	7.0
12.5575588117515800	19.1946047483404456	7.0
13.1836792862792844	18.5546724376712895	7.0
13.4943154494056756	20.0244093425273562	7.0
12.7141024084263066	21.5093742538377235	7.0
-6.7842318883603312	11.9985399784889886	7.0
13.0084726991204302	19.0849114812827132	7.0
16.8813391909766430	22.4551084173136388	7.0
13.5709882766941927	18.8154266076958514	7.0
10.5771179937053734	26.1752381003405326	7.0
9.8946883338118390	24.2607240354707763	7.0
10.8218527080619413	19.3151289392594201	7.0
12.9995965165689693	20.4469854120396768	7.0
14.7378357258458390	20.9040301493849405	7.0
14.1194521096759402	15.7695653470726924	7.0
18.7626944402521580	18.2502129708559622	7.0
8.9618133766254360	14.0516089873589660	7.0
2.6085820086488725	5.0770324904484978	7.0
10.4411997241033578	17.9992713607731005	7.0
18.9292499248181230	22.8066961948258218	7.0
7.0011274155071890	15.1725858434807179	7.0
19.2253794212037619	19.7296523807171376	7.0
13.9276016643013847	19.5080875035086407	7.0
13.0835775210096408	19.4118922444392830	7.0
11.3028354803027486	23.2538435464143518	7.0
12.9440536624658940	19.5414708321691499	7.0
18.6880713712009054	19.7989613424725519	7.0
14.7829512630962210	20.8596946413109876	7.0
17.7229836614311083	19.5679620496094770	7.0
12.8240187974916751	23.0423645538923800	7.0
18.8544669438771031	20.6065718545140477	7.0
10.2340071443396212	20.3400524689419839	7.0
12.7625220189833701	22.1480653669018892	7.0
18.4595125289135638	23.5334672866184604	7.0
14.8195990151709527	24.8598571933090504	7.0
16.2172603427937752	17.8206948703679018	7.0
18.2400305557655287	23.3985831821589514	7.0
15.5897440661412503	19.2466909295332478	7.0
17.7499779086423608	23.9308660705275074	7.0
16.7313599693092137	25.7953963994704445	7.0
15.6444172617516539	15.9734047263696901	7.0
13.2889713324431771	26.5387621946736800	7.0
16.7414656849097874	22.3464768791502202	7.0
13.7032033719979314	22.6575695597132096	7.0
20.3895832240892148	19.8681155268605352	7.0
12.8107509657643739	16.2903951287061446	7.0
15.5358747171964833	17.8641538410120226	7.0
16.1524958946250834	21.3014154474484414	7.0
9.5281157353632384	21.0358049494958514	7.0
10.5332204848641080	26.1444043634874213	7.0
11.4344364482976033	18.2521624972129608	7.0
12.3199005566386735	20.1051067264450189	7.0
11.1897013575522148	22.0552121509073658	7.0
12.3814722146499463	18.0794098678053423	7.0
11.4698310041204614	24.2022373945499325	7.0
12.9569869453984410	16.0174859206557336	7.0
15.2790234732027574	26.8566409344221029	7.0
13.6926188556129009	17.5514063982271935	7.0
10.8931560929088320	16.0296654687996778	7.0
16.2668781467605257	20.3330993900056107	7.0
13.4553680761344232	20.8910470680495415	7.0
11.0328871257294132	20.4417228548293082	7.0
15.2006930485762251	24.1302634495670922	7.0
15.7312149987208763	20.5376559133528538	7.0
12.1193926090857911	19.8996330721460915	7.0
12.0623538551328533	16.7800551912467348	7.0
12.4494824380033222	20.9002450980483161	7.0
15.5342830425597000	19.5505601151046342	7.0
10.4552838546026798	19.5008155190059576	7.0
14.1248834916867008	19.8230716470507105	7.0
13.8987810235911482	22.7544971188405256	7.0
13.5091443730240321	24.4567620045209040	7.0
14.1910675563765860	18.8413399156629922	7.0
16.7784759851369287	25.3771052198232319	7.0
11.4300871827301904	23.4031707790863202	7.0
10.3888173843801308	23.1405835416580565	7.0
20.3183266261349686	17.2692005240465285	7.0
11.5819401074253818	22.1467273255684347	7.0
13.8845890296511616	20.7669227523022286	7.0
-5.9913982982261196	14.8868558327193199	7.0
11.2791342921037909	17.8972832782106615	7.0
8.9170582521957034	13.5085119695684828	7.0
12.0482670231626248	17.1898366436089205	7.0
14.8397326198354609	22.5448899332184816	7.0
10.3372322310079205	17.5717837313134737	7.0
10.1624208852920717	22.3155365335589906	7.0
11.9415450769914653	18.2607855024948655	7.0
18.1132709383882116	22.0101410265381823	7.0
14.6378173570822572	17.2142538184142815	7.0
11.4094536105695035	21.5053383763269075	7.0
13.6521315244137345	21.5692425475533653	7.0
14.1567444423502486	22.0681432191583013	7.0
16.1135961045116893	17.6718598150295385	7.0
15.6339349345633583	21.6555632432019713	7.0
-10.4020681247180899	18.5254790519049664	8.0
9.6101138363158753	-6.1713396576373150	8.0
16.3367396933253666	-7.8440693926432781	8.0
7.6231534557415053	-6.3534577195430231	8.0
12.6286376912481479	-4.4666467062600406	8.0
18.2278280682989902	-5.8656419787315874	8.0
9.2870984653704500	-5.2427609285563035	8.0
11.3895569976444246	-6.7282117075625250	8.0
6.0173238807630920	-4.3694578636079617	8.0
11.2990044730121610	-3.2950734298948641	8.0
9.9745966048983625	-8.2295309970741251	8.0
13.7279951331682035	-3.9861189167339388	8.0
12.0552675452416160	-8.4044450417318917	8.0
15.1580946105033210	-6.8803073020369112	8.0
7.6892473805680730	-6.5408118727532898	8.0
10.8878249290174676	-5.6297963288241766	8.0
7.8149841519622845	-7.2470677421649228	8.0
8.2816521553837923	-8.4238858280884497	8.0
13.6158018690231781	-6.9370207941808317	8.0
15.9728100272303397	-7.6047330924323644	8.0
11.6704395093408984	-7.7455804763206526	8.0
12.5713465799138202	-10.7945525985589050	8.0
-7.9730323102848626	8.6807442049438954	8.0
10.2821219162822768	-3.4929454461089127	8.0
10.1769861752423587	-8.3093940987886334	8.0
10.1470446351572665	-7.6351664817583176	8.0
10.7392295174074821	-6.8913912039209153	8.0
-7.8452568654384560	6.9336249376797108	8.0
6.4915645083141547	-6.2061891433864735	8.0
16.2114164163549930	-9.3107442678204091	8.0
3.5928166232677916	19.4393674994693022	8.0
8.2966361413964318	-10.6696321024093965	8.0
11.0984882124955426	-2.3828026804189837	8.0
12.3239575622165436	-5.9188254072736051	8.0
13.0095365114921311	-5.4972552714043630	8.0
12.0039377338682698	-4.9949331187338730	8.0
11.4392730724396543	-8.1657133181976231	8.0
9.3693588869930284	-10.8603335199420901	8.0
12.3447429044857984	-5.8740528862034340	8.0
9.7807237752723477	-8.9273700438692138	8.0
10.7020359910603737	-5.8197508740149129	8.0
18.1823381525567207	-5.8453127676427048	8.0
13.4808929643126714	-7.6845266942583601	8.0
14.9329876175282390	-3.1564960600797618	8.0
7.3205477372614576	-11.5193524898976793	8.0
7.8159559872626261	-4.3425661108021227	8.0
5.7508222023810136	-4.3473239443861322	8.0
10.4014036791580882	-4.0999416655277274	8.0
12.3774238199713409	-7.1489244241786905	8.0
11.3205491553268285	-10.4478907520503999	8.0
16.6748593501759217	-6.0513470939648171	8.0
11.4781259750161055	-5.0030755398746960	8.0
14.4152813738167875	-4.8204491124085020	8.0
9.5442087145651122	-8.9814874474828468	8.0
13.5456820737955912	-4.3956933900302140	8.0
6.8905116760569847	-9.4158365807289712	8.0
9.6552716521089472	-6.5781486264251141	8.0
10.0646472349448128	-7.3258500606635932	8.0
12.5135866309528172	-4.2648217872800753	8.0
17.9133247864383947	12.1446210533329566	8.0
10.6833624323050191	-9.1455629415560455	8.0
1.1975864634950539	16.7738735556605896	8.0
14.2902744895155713	-7.6850616161273217	8.0
17.8992270051257556	12.0998556694783499	8.0
16.8501813592024803	-10.5006377668495343	8.0
14.8772824149450624	-5.0786916700312936	8.0
11.1244805622968759	-6.0427163963626320	8.0
12.4779452446998800	-11.5256993710172306	8.0
8.8835701230857929	-3.5726137214103226	8.0
9.8556200240380356	-2.2941771132491784	8.0
13.2699386616159227	-9.1528715114334886	8.0
15.2115844420082471	-6.7957492799403791	8.0
13.5025599132844079	-4.5077226764204967	8.0
11.9488423232176775	-3.1781527862400076	8.0
10.7759984737637904	-1.4159875335693219	8.0
16.7748929866837742	-6.8352407907527741	8.0
10.9428205158932705	-7.0979873211112130	8.0
12.3613611775597452	-10.4259203089179948	8.0
4.7480601877980195	13.6703666873569869	8.0
13.7156687411148681	-3.9829465242682471	8.0
10.2305333439007882	-9.6830850450841375	8.0
14.4097046880913773	-10.7351008392649536	8.0
13.0131500312197161	-6.5474271412587335	8.0
13.6936380439590533	-6.8366040974507314	8.0
8.9385796421755810	-4.7442581225040925	8.0
8.5961954872401378	-4.5978248526010148	8.0
15.0495583638946258	-7.8788017100641943	8.0
15.0297299762255303	-8.6770606896135423	8.0
15.0101991300654909	-6.2403469445056023	8.0
7.8068186632813994	-6.1900054357855145	8.0
9.6114965481874126	-4.8107095239899467	8.0
9.0208388444128733	-9.8070557624023458	8.0
12.5303428802845787	-10.2054758825112390	8.0
10.0972522413714625	-9.0194133078928544	8.0
11.7380585460812839	-3.9203253564328748	8.0
7.9165659777746349	4.1333592090357856	8.0
11.0514942836165808	-4.8814476479736726	8.0
12.4232990810397084	-8.3472992888812811	8.0
13.4329229589547747	-8.9298697784797021	8.0
9.4268385179109799	-8.0153665872240953	8.0
12.9016897936303021	-9.7547965512302444	8.0
14.2580302861418726	-7.6334603256905664	8.0
11.4542996457897139	-4.4649496503328105	8.0
11.3242408632033449	-9.3690040031985991	8.0
6.4986154356882437	-5.3615422804624577	8.0
0.3888857241953649	27.0659654269511059	8.0
11.9221473927844990	-4.6135648527098789	8.0
10.5005201599334725	-7.7787350215938966	8.0
15.1769101905324906	-3.8787744348681059	8.0
8.5221888566010939	-5.8387216303379397	8.0
12.4435593092007757	-1.7969994749613321	8.0
9.4004817805934060	-7.1402115321205626	8.0
15.6218409388251018	-5.2055103284267474	8.0
9.7249161918603679	-2.6645470847220660	8.0
9.9002799167972189	-3.5973928832078390	8.0
17.1857421972701339	-4.0508083698663233	8.0
17.1193694526786082	-4.0498049769906492	8.0
3.5874776032397708	11.4965955099880670	8.0
9.4358324145124310	-4.1731224870495280	8.0
11.1609388657775561	-12.8555860819102801	8.0
10.2488456267236678	-6.2083251773498160	8.0
7.9754079763090937	-8.0632208535958281	8.0
20.0111415638690850	-7.7273111701616433	8.0
9.6812259528383109	-3.8757030215419821	8.0
15.3542726483031320	-4.9841191372987623	8.0
11.6704984502360372	-3.8315308293300872	8.0
7.3339938068478379	-4.3420947501405944	8.0
11.3698586462656852	-10.2514864375077259	8.0
13.3448544746995488	14.7974730729038555	8.0
13.8111374983891118	-0.9199174030520335	8.0
12.5757790460330128	-5.9631134284036396	8.0
11.0757458242800197	-4.2453857023574804	8.0
8.2807254312318967	-7.0026230079454228	8.0
8.9633381083693546	-9.2078098825679806	8.0
12.5071760450780509	-6.6954405434753692	8.0
9.3102827738389919	-4.9346971523578027	8.0
7.6898419609873789	-4.8862019649276363	8.0
7.2920524648468339	-3.0645632824324713	8.0
8.3328087952290897	-6.8972606133130814	8.0
9.7976762047911716	-3.0663515192530388	8.0
12.6098566112671211	-5.3460057713001321	8.0
12.2555613910009953	-3.6423121744484450	8.0
7.9473046236151825	-3.6857433511806712	8.0
14.0944403949321586	-8.9951718081044945	8.0
9.9884624048974828	-5.7019677262642947	8.0
10.7011561763318586	-11.3639596117135540	8.0
6.2208730130646641	-7.5558448766626238	8.0
7.4955676482142026	-8.7938434006763195	8.0
13.3487846702227806	-8.5365210349365821	8.0
15.1719284854598957	-5.5962633332277250	8.0
10.7676694128908270	-5.7700510800503926	8.0
14.6126094046874808	-8.2741731641607252	8.0
14.9465495152033139	-12.1578724234031590	8.0
8.1358484929476091	-1.3310528635022911	8.0
14.0181605551880430	-3.5522650840989596	8.0
10.1801284857467564	-10.1977690393094758	8.0
14.1443013759655862	-9.5973553757404062	8.0
10.8291140266238557	-4.7990565433563956	8.0
9.3832673983428094	-5.3342080284810711	8.0
13.0508480222308680	-3.3087521095304804	8.0
8.8618404218315519	-10.0130286169886986	8.0
-0.9098550932266808	-3.2588972653603818	8.0
14.2802716441808304	-6.1758558437811359	8.0
12.3708412593573502	-8.9909982406772766	8.0
13.4429596613250979	-2.3066965459439315	8.0
8.8774105524980111	-7.8624305725238282	8.0
9.1937356294687476	-1.0175484688248249	8.0
7.5971377327891441	-5.5521400426119829	8.0
13.4576372110880218	-5.8548391461853564	8.0
11.8318390839056864	-2.3810451591604460	8.0
10.3011010574169362	-6.1749792830164383	8.0
-5.3446813945748772	2.7654811351607664	8.0
9.1961986263545796	-6.1505054021557948	8.0
11.8430553427240639	-6.5786923983871697	8.0
11.5759537480459773	-8.4784856979273595	8.0
12.7466365562636206	-7.9781186496359098	8.0
14.7718271357859443	-6.7517869229895346	8.0
10.4848190450637677	-6.7168442274233460	8.0
12.2169487730224287	-6.8786177079350237	8.0
10.7689554537334082	-2.7446938541572239	8.0
8.5949999237497217	-2.7328639390397704	8.0
11.0311414793753020	-7.9547695861065675	8.0
10.2265566971459716	-4.6599014646370343	8.0
10.4765340965681677	-3.5674579872302750	8.0
9.6199085058320417	7.0992969621957895	8.0
11.8021550743409698	-5.3103859948268930	8.0
11.6264845527302647	-7.8479271792342900	8.0
15.7031586879779841	-11.5033808166102460	8.0
8.9595676726234039	-6.5473732985828068	8.0
8.0895019432622970	-4.2558411655285138	8.0
-6.4055811852617746	-11.1611850656758840	8.0
13.7418589464077510	-5.0332178668383847	8.0
-0.2021474188336284	-15.9109574812977961	8.0
15.7416621769904683	-6.6321839299873639	8.0
12.3353029801365395	-3.5795348192114651	8.0
12.3839932896433442	-8.4886686087329561	8.0
16.2793277116381958	-9.4303461311732946	8.0
8.7065960551677506	6.4468576505387034	8.0
1.7240949096080467	1.3453824816325894	8.0
8.6380553731830982	-2.8423483180422906	8.0
5.9792699325129135	4.4070848445898161	9.0
0.7793572683856759	9.0328170545690423	9.0
3.0052990576587075	6.8661970777642223	9.0
-1.9090887273476176	10.5271522960617627	9.0
6.4126137554076328	8.4461240273409270	9.0
-1.3828387160536082	5.9127939486370451	9.0
1.7480276639190879	6.2094593379624428	9.0
2.2439097840641393	10.9550858406106553	9.0
-4.3575937149066277	8.7274104423125785	9.0
-3.6853524244991211	17.4477878023055659	9.0
-0.0827382411090738	5.9870746310982126	9.0
4.7505052476608727	8.2900932272440713	9.0
1.2704412869265642	10.1144863148016722	9.0
-7.9315745866146585	6.0137882215235541	9.0
-4.7782270086080301	5.0565260296431269	9.0
4.2887718769723788	8.7845124551746530	9.0
-10.7822649143373166	8.8919626529159146	9.0
-2.7270954772544451	9.7532360175729398	9.0
0.5907643234970259	7.6784694840194545	9.0
0.7136223277560673	9.4670464786679922	9.0
2.5858662071403593	6.0753951512840612	9.0
7.4038199955007098	-0.1035247708012843	9.0
3.2922379530887711	9.2288682547234195	9.0
-5.7695574120228938	4.5224705908986857	9.0
3.8216971644605882	6.6847381893848823	9.0
-21.7399414327675551	12.5657489595219474	9.0
5.3147076009411442	10.2636694578704866	9.0
-26.6783967023606117	-13.0716460207933682	9.0
6.8451938026633599	-7.2504610046349427	9.0
-0.2584280714915793	5.9548174887194465	9.0
-3.7984173300912620	0.3100910367105276	9.0
-2.0412649387216835	7.9934873263401727	9.0
-1.7207725434552341	7.9257270382978300	9.0
1.3069014021250385	3.0521292054630318	9.0
2.4095522707904213	7.9925514029300899	9.0
-17.2143609753925659	1.8903050452194088	9.0
2.4423531752427050	-15.7811572143847165	9.0
-4.2061534133031566	-14.1520375645603611	9.0
-0.4479833463070994	4.1270847939808437	9.0
-3.5490788520423933	0.6248989803195445	9.0
-2.4072399843684562	7.9630084295689842	9.0
-10.7801537733011283	-1.0245264099499143	9.0
-1.3633223799080618	8.9588323141688306	9.0
-1.0793168209965411	4.8969351935255050	9.0
-2.3351214114566394	11.0608412693997611	9.0
2.0566216377248274	6.1305792480326780	9.0
-2.1514555350360989	3.9108516253230414	9.0
-0.7221065510035122	7.8874904614906374	9.0
-2.7443311755686977	5.7236647359715223	9.0
-0.6713607617497037	10.6935287551279590	9.0
2.3627869578546443	7.3210805814386957	9.0
0.5305075669357017	11.1636736030366013	9.0
5.2086429300155830	2.2797341696095570	9.0
2.1549687289074511	4.4308010042118031	9.0
-20.8478348299530296	-1.7220144648463320	9.0
-8.6088069819384394	25.7801227046091093	9.0
0.4885949475946555	7.1076401565989098	9.0
2.5777823088218406	7.0097041653429919	9.0
3.0230035527509229	9.0204858634930822	9.0
-2.1890840591873202	8.9192262115947916	9.0
-0.8144583686450733	9.3762325003636793	9.0
3.7370175398077965	2.7475904755290239	9.0
-1.7708375157491176	9.6364641193384255	9.0
3.4595427954320042	4.0300106536206819	9.0
-1.6504966101550831	5.8094301808317272	9.0
2.0448235692340471	6.3385405621475712	9.0
-2.4444737549758733	9.9177996144151717	9.0
-4.6688198923115296	7.2410885380323800	9.0
0.9078689525646916	9.1976054503838292	9.0
0.0555212372443787	3.2266717361205361	9.0
-0.7604423925464092	10.3502618588431154	9.0
1.4552675647754818	10.1448810539323464	9.0
1.1577290791676143	11.9682214653745209	9.0
-1.2379102502754726	5.4998219160609185	9.0
0.5678722992406834	11.0085051130252847	9.0
0.0346780929273905	5.4792918045409236	9.0
-0.4438982530818781	8.5795513273484865	9.0
-1.0595875486932420	11.9317896051963608	9.0
3.4064463311228321	7.4334387128941506	9.0
-0.6461134520444288	7.7136352907575141	9.0
3.2566781382115830	9.9620421570917941	9.0
1.2460760931045927	4.9675250920586080	9.0
-1.3643257076489630	5.7451759347086107	9.0
2.8975120562129213	-19.0613242477387672	9.0
1.3986654378150307	9.7462797458762687	9.0
-8.2856492567684761	10.8800673028371975	9.0
-3.2895846732982310	9.2523520567087001	9.0
-1.1700690520414405	5.3021174800240400	9.0
7.3705265438321810	6.6833159461253189	9.0
0.6190032841439949	8.1031272095569840	9.0
19.2992553243820240	7.2314925687370026	9.0
-2.0033476167810038	6.4283632336930756	9.0
-4.1950869607553258	6.6058246864324461	9.0
2.3673747474878946	7.2567822962078194	9.0
-0.5184777832972139	6.5395992041540039	9.0
-24.1514878292882607	4.3417948834684044	9.0
1.9216857269648928	8.4482752710819913	9.0
9.8791507101850442	-0.1403205383898150	9.0
-2.3100663879749934	3.0381792255463345	9.0
4.8100903773699502	7.5957970471720513	9.0
-1.4334509127878461	6.9569449087665802	9.0
0.6162908612122916	6.7571285034222672	9.0
-3.3861261250079453	7.4115906559888858	9.0
-4.7941572815880908	6.2125243027323078	9.0
4.6914390590262371	5.3677438053963060	9.0
8.4457845152017388	8.0525150888452917	9.0
5.0624108489256656	7.5609370338070461	9.0
3.5464486835404441	24.3942497698502976	9.0
3.7055328952173370	4.4187462498664418	9.0
2.4572862345576398	8.4105271381655040	9.0
-6.5734354985166963	1.6912719307474371	9.0
1.6029487607139636	7.6668057901409723	9.0
-3.6262109018702962	6.2223088811244951	9.0
10.1006495830892487	-0.4375048366609248	9.0
4.8627481133515795	8.7562692313193988	9.0
4.9208460595592847	-1.2643347255234527	9.0
-3.0635781005044707	6.9307688113376420	9.0
-1.9021358317322496	3.4574041304627503	9.0
4.9197489641307097	8.8024955378790519	9.0
-4.5644098542420997	4.5645783512770732	9.0
-1.2132406530523405	6.8664632897262283	9.0
-21.1526198930110816	0.5441449260521565	9.0
3.3266523843183919	4.0664804383037927	9.0
4.3616392254286005	8.4178796994619187	9.0
-0.7902251623937215	8.5486879963091535	9.0
-4.4455381722132197	8.6027515201054516	9.0
6.6547258295756961	19.3001514351911219	9.0
-0.3788376495753708	8.2731281458704444	9.0
-3.4028813661522430	6.3363622914799773	9.0
-1.5152441592214732	8.6580505808149866	9.0
2.5961133386985793	-3.1666344269045434	9.0
2.4026049350594803	9.4826247515662310	9.0
0.5805843941719651	6.6130255748525757	9.0
11.4687559060097577	-1.0807845436262451	9.0
0.6389492207258112	10.3004361250123431	9.0
-0.2248280351738853	9.8816611457581551	9.0
4.9983524945984410	1.1456303749098584	9.0
-0.1593995246857205	7.5853693106784954	9.0
-0.0700050043669624	8.9174184185905130	9.0
3.9164758358799290	7.1473418320408122	9.0
-0.7477786549227454	9.6563868547612053	9.0
-5.0050591185279911	0.7914612891561663	9.0
-5.9161926314501638	3.2998104446968743	9.0
1.1418777386483656	5.9312465412847803	9.0
2.1420456722924692	7.7719099799226452	9.0
-3.9255080726904739	7.5676377554342613	9.0
-3.1021511820673036	9.6479970076570805	9.0
-3.4207221916933670	7.6161652869382017	9.0
-0.6764960291923913	6.7186900592000764	9.0
-7.7431298414736789	-12.2416462235727650	9.0
4.0007402658587505	9.0586226826291032	9.0
0.0903199938617565	7.4815572805127406	9.0
-0.0428440018007735	7.7613287319956381	9.0
0.9851886849317782	7.6691895216357935	9.0
0.1968280354977304	6.2614193886720875	9.0
-8.3083401409651252	-11.0360399056562155	9.0
-2.9621098728306943	8.3845521425397589	9.0
2.2281042282685020	9.5104605124277022	9.0
-1.5385265872938989	4.3479787752918950	9.0
1.4227218401545179	8.8030106854284131	9.0
3.7175608361745143	5.9006083014137332	9.0
1.8354065496669134	4.3656141855631656	9.0
-3.3555644672513809	6.6771720613305012	9.0
-0.7872148726382251	6.8790373180276703	9.0
11.0588474700175272	0.5591541761068399	9.0
-2.7678532867591361	5.0469064127199177	9.0
-3.0976934907105891	6.3732876772016356	9.0
-4.1043843081055629	4.1643823006878504	9.0
-1.8766353789901706	10.2644958204017822	9.0
1.5298793722440653	4.1305626941481686	9.0
2.4051612896631003	11.1299103720732813	9.0
0.9969219999725910	7.8587512784486098	9.0
-3.3468292221108435	6.0339165787789328	9.0
0.9296284186858845	5.1935031317701874	9.0
-4.7339030060780845	9.7840892890596152	9.0
2.5537422161454355	2.7570912648010339	9.0
2.0272904141946020	6.1916798854097319	9.0
6.8612941585880813	10.8004032342323253	9.0
0.5289069638819404	7.7542888071685336	9.0
-1.4234925155705604	8.6560227116992348	9.0
-1.5425368408390558	7.1912246476383421	9.0
3.5414296602777759	7.8925679248135987	9.0
1.3544043080346222	5.9516910623421593	9.0
0.6391200269942692	8.3745714596558773	9.0
-18.6754825330019543	2.6366358292706589	9.0
0.4007941933063561	5.7997017885779041	9.0
2.1754081002752188	7.5718270477466829	9.0
2.6848335847833784	9.7930875477132666	9.0
-3.5476517285031743	4.6133031581661950	9.0
-0.0802623464425533	5.1039092329204072	9.0
-2.9453776570946322	7.8012076174411229	9.0
-0.7235907452341774	9.6955626352123065	9.0
-2.6231433731190297	6.5876162588318001	9.0
1.2160859814892362	2.8941621924052074	9.0
-5.1911043562878936	7.0703492668182735	9.0
-3.1121752898557036	9.1495788463992582	9.0
6.5261845698139664	8.4372198010345816	9.0
3.2407098128048406	6.3776631577166549	9.0
-1.7247812005866519	13.3278947300974036	9.0
0.7591631058573658	4.9085659568608531	9.0
