-48.9622430317465103	-22.2276910822891232	0.0
-48.2253948541328157	-25.3091142276288572	0.0
-50.8483797507030815	-26.3592235132802273	0.0
-48.6422409742030695	-23.4984328940411373	0.0
-47.4009709224318101	-23.8912355010084596	0.0
-51.4147010580535380	-28.8729812402948376	0.0
-48.2181727189705143	-26.9711192552790102	0.0
-51.4547966233831815	-25.8026557913997543	0.0
-48.9749155457968186	-22.9960514039650938	0.0
-55.2262510893798009	-29.0520568702832804	0.0
-47.8891369263276516	-32.2229162256831501	0.0
-48.2957558512358816	-28.4566726901618239	0.0
-50.0845844362629649	-26.3411984610469609	0.0
-49.7373107970059891	-25.4246052418534241	0.0
-49.2605524913893049	-34.0413324446034551	0.0
-51.5199073894147617	-23.5761832347255122	0.0
-26.1709230603529264	1.5474041558987850	0.0
-47.1287266584461193	-25.1407513079665854	0.0
-53.2903049443694954	-25.4642790943607196	0.0
-44.1435986385155488	-24.9089262292667897	0.0
-45.7657342711948090	-25.6748760361921953	0.0
-51.2312460938719312	-27.0867211532380843	0.0
-46.9657215916190296	-24.1718639504652408	0.0
-49.1206263088694612	-31.3511842321772498	0.0
-48.5173716242982707	-29.6610423224104451	0.0
-48.5550098519930629	-22.6288755095408867	0.0
-51.6662083611249585	-32.6166982680202722	0.0
-45.8951585165325540	-24.4696685929080182	0.0
-50.3030454188814886	-27.1186725273068099	0.0
-44.7265858140376977	-26.5144353049460122	0.0
-52.0087453245495510	-24.4880919255223972	0.0
-53.0021331324639959	-26.1640307748425549	0.0
-50.2705334724535717	-32.4523611012209585	0.0
-49.3294182600012689	-29.1275569337698421	0.0
-47.8815099022192570	-26.2906145328022980	0.0
-50.6084061989507816	-31.3841952997677929	0.0
-49.3356229979854177	-25.3402110339087052	0.0
-52.6016290767494183	-31.5183894519849019	0.0
-44.9861191792980293	-28.3382326774709199	0.0
-53.8519623371538785	-27.0549319269999700	0.0
-46.1056454828038014	-27.3671485868698205	0.0
-56.0092577842771178	-26.1587966348344487	0.0
-48.1688902250872744	-26.2861074291526684	0.0
-50.1411179587434432	-22.6674740805406714	0.0
-52.0289348655777175	-22.0022851009448352	0.0
-50.3166997440246746	-28.5794870670431145	0.0
-57.1054722094599541	-24.5468205888897977	0.0
-47.3197638787840802	-25.6346074288707158	0.0
-45.2630393797425725	-23.5266155456197019	0.0
-55.5680581523339185	-15.6452040072799914	0.0
-48.9287116348545084	-25.0766172673905352	0.0
-49.2252879207749103	-31.5297590340829785	0.0
-44.2251310621453584	-24.8615222114630434	0.0
-50.0485871001733003	-29.9623384411735181	0.0
-35.2889903903035602	-4.8024067445957206	0.0
-51.6132636055625653	-32.6273512925140849	0.0
-45.4540898929716874	-26.3426219006818094	0.0
-52.0828165282977977	-23.4380399696370958	0.0
-52.9161210832185560	-23.5658858368146227	0.0
-46.9411578492669008	-26.5278649359220431	0.0
-53.3443983758572244	-23.4925752813163840	0.0
-51.2929685722448312	-27.5629654217437334	0.0
-53.3753952777036318	-27.4886026760330360	0.0
-49.4301290105421245	-28.4800878102124422	0.0
-45.4216113187399060	-28.3932054932647056	0.0
-52.5357821300306824	-31.4913630824580402	0.0
-48.5245587791519810	-27.7559467619179685	0.0
-55.3431960812518824	-27.4374461331965556	0.0
-53.2218315828607942	-24.7330504595676608	0.0
-50.3795362710644170	-27.5658280979260368	0.0
-51.1106248663161509	-25.7406832140918276	0.0
-45.7242953831328407	-24.4248088872174662	0.0
-54.6293480246603025	-23.7827402796491540	0.0
-54.5823847986694091	-21.0231423403040445	0.0
-50.8446045638845519	-28.0694654645624020	0.0
-50.0630618099895557	-4.3074730955686240	0.0
-48.0620177858565967	-24.0061781143350714	0.0
-53.6460041194395316	-25.4188163444221438	0.0
-45.6306567341775562	-23.1554380583636252	0.0
-44.0343791038966970	-26.2128881002467224	0.0
-51.5979821145510300	-30.1459250116031647	0.0
-47.4738631223651737	-27.6079810308671085	0.0
-48.6295964947627724	-24.8765936366259872	0.0
-42.0755352699674177	-24.6312569280148885	0.0
-52.9395093157391869	-22.2665725845945168	0.0
-51.2957739346581150	-26.4048726385406489	0.0
-47.4725720939176767	-22.5779999506926785	0.0
-51.7108744997961125	-29.4422781157044753	0.0
-52.1043736859600912	-27.5213038422707683	0.0
-50.2137993963946698	-32.3470782001766892	0.0
-52.0613531839820354	-26.4663769420591137	0.0
-47.3749645620688256	-31.7150807312202119	0.0
-49.6155685797470767	-27.7323492449470983	0.0
-49.4888850857796569	-24.3976713659614219	0.0
-46.0454001527749099	-26.6009789199388429	0.0
-53.4903397868105941	-30.0940748555012938	0.0
-48.5366076983140360	-27.0317512051907123	0.0
-49.8019869317243788	-30.0305527876777454	0.0
-48.1626600427777092	-29.1921302200966615	0.0
-48.1748657039322836	-28.1972170983388963	0.0
-51.6921178699101347	-24.9900178101825965	0.0
-47.8793528603703322	-32.6280205263776821	0.0
-46.4466796086822598	-24.7860030325886953	0.0
-46.8287687093538239	-27.7695459116814440	0.0
-53.2943758711789712	-27.2207342247060282	0.0
-53.8978912830228936	-26.4734759125885297	0.0
-52.6593580273789570	-24.9330506568535206	0.0
-54.5833631070298466	-22.3104027721170546	0.0
-51.2877569476763853	-31.0751459139323636	0.0
-48.7380027917886949	-25.9716306965505517	0.0
-48.3957444254783624	-29.1239727712230803	0.0
-44.6666505882546900	-28.5957520987672744	0.0
-52.8074537836617210	-28.3759646268928449	0.0
-47.3470939448103323	-29.9342179113015980	0.0
-55.2037408781405361	-25.3799153950043461	0.0
-50.2724284176510565	-21.8567799543128274	0.0
-49.8899353458769141	-23.3502867653608632	0.0
-50.4085886524896125	-23.7841588947723288	0.0
-48.4782890094400756	-26.7207967002526239	0.0
-48.3154043628796543	-24.4856319616396512	0.0
-49.2212008353226622	-23.9657169775635523	0.0
-25.6456980991108701	-22.3813014433533155	0.0
-48.4135881631226610	-30.0698696714792959	0.0
-46.2447627255400846	-29.3927396741655151	0.0
-50.6558598497336661	-25.0360826986940666	0.0
-52.8560448564469851	-23.7023909494996268	0.0
-51.4987236665750387	-28.3742382943326774	0.0
-47.3933171855503588	-26.7061690777083847	0.0
-50.4740495902571311	-25.7125597776183774	0.0
-51.4420735272296312	-29.7273707148609390	0.0
-55.0803784170131721	-25.3009133841471616	0.0
-46.5193976849853996	-28.8047541717684119	0.0
-52.6395146501549860	-28.3061487223579817	0.0
-51.0990034791754013	-24.2807314157713989	0.0
-47.6384644401724984	-22.5154563455295218	0.0
-46.8274433179098679	-28.9641568550534139	0.0
-48.2866297493931000	-30.7665097816286384	0.0
-49.2506910135579830	-32.5185841254146624	0.0
-49.5345026181875596	-27.2426064962050916	0.0
-52.0392410915893819	-25.5499939834774885	0.0
-45.6113700260572870	-27.4293155752477702	0.0
-47.4660504902129645	-23.2222127218209877	0.0
-52.7930491844031735	-29.5502165975206239	0.0
-52.8037707642665453	-26.8756457305219811	0.0
-49.6455159352905824	-25.6954988172906162	0.0
-47.4642396322943299	-25.0455935546608295	0.0
-51.2200931569346878	-22.5581383014956671	0.0
-49.2115560359179440	-24.2759970254335222	0.0
-15.3992436348181876	-22.1362908840343309	0.0
-54.9865559130138593	-29.1105151771339159	0.0
-50.4349063111239886	-30.2887016787689163	0.0
-26.5428014101463638	-11.7803035792892725	0.0
-49.5891036775468947	-26.2442341237339960	0.0
-40.9566162959623057	-26.2008972773312898	0.0
-47.0753259301199591	-30.2595379859583566	0.0
-49.9622904234011926	-29.7450262890039063	0.0
-28.5337363056853093	-10.3971309656115505	0.0
-47.6260263177432961	-24.5953079576852076	0.0
-53.7319820306375675	-28.5697287354061302	0.0
-49.7406211950697781	-27.3890978462194568	0.0
-47.4504744411225801	-28.3347321299476427	0.0
-49.0339875532428309	-28.1726491023275472	0.0
-49.7300479659498578	-24.6784705825035608	0.0
-55.8881096661190213	-26.1113511505981037	0.0
-28.1507413118727321	-20.0120812561753212	0.0
-47.6045527415283090	-25.7319308357446666	0.0
-49.9915746395432521	-15.5117844578318707	0.0
-20.7228797660845778	-0.8585119904359932	0.0
-45.7964463597983666	-31.1403703439288115	0.0
-45.3153477967945335	-24.3963547584341853	0.0
-46.6495189727881225	-32.0254387075036036	0.0
-53.0113086321535718	-29.5902513762819162	0.0
-49.1564872716654619	-28.3122162281531331	0.0
-45.7648213688634016	-24.9702349651241668	0.0
-50.2519581708285514	-28.2960934147195182	0.0
-54.8212869210778919	-29.1020020463424771	0.0
-49.1956791067058461	-31.4141926679997177	0.0
-50.1202392300455770	-24.3464810991384120	0.0
-49.9031401999093305	-23.0122242857436632	0.0
-53.6930933283455687	-30.2541904220941653	0.0
-19.3333044028311285	-21.5383445152241713	0.0
-52.0107608600603086	-29.2953600160880718	0.0
-46.8908230188888879	-23.7453755208846751	0.0
-46.2989920894897082	-8.0766050226997077	0.0
-54.1846202466473059	-24.7263152695846102	0.0
-45.6922143539458645	-27.9955676329932324	0.0
-50.7375318661729935	-24.4330750271372636	0.0
-47.3520825884039880	-27.3168130001973282	0.0
-47.3668751265793446	-29.2889351063252192	0.0
-54.5093211010849927	-26.7815984667386751	0.0
-51.6724282486753097	-25.1701430579143555	0.0
-46.3245692092491197	-25.6348980070140655	0.0
-19.8634386052471328	-23.2785338070229528	0.0
-50.7145266534062031	-34.4434852264933724	0.0
-50.8310357994289248	-26.7995880524492556	0.0
-49.5515067174787021	-26.1219148962387138	0.0
-46.6551059881777164	-24.8260886914892005	0.0
-51.5147355222976699	-26.9055295837987138	0.0
-44.3130905059950635	-27.9313337946995688	0.0
-24.7708824926341471	-16.7224215352142629	0.0
75.2657459792116015	-1.1538184410750219	1.0
74.9983948712616666	-2.5181421588138750	1.0
69.9299330483798514	1.5621655144416593	1.0
61.3400253818552912	-17.1659917658133665	1.0
72.9167227545855212	2.4455515125290939	1.0
74.2699677458868877	2.1053134998644136	1.0
68.4187838082592918	-1.2927709546925397	1.0
69.7295749663341695	9.3221312864883910	1.0
66.5528549482631604	-1.1604504373861155	1.0
70.6068902914761196	-3.7903556096998798	1.0
73.9220412108051335	3.4688828632086155	1.0
69.7213910147242331	-0.3299149047562661	1.0
67.3239421529284670	-3.9807631695202152	1.0
71.3590208866159514	-5.0453663964888795	1.0
68.8296214917336471	2.8530064496673653	1.0
73.2265405899727568	-1.3638407441768339	1.0
68.5229506087587481	-1.3433027102925237	1.0
75.9124961295254082	-5.8414959052222342	1.0
69.1622412759391665	-0.1741750887891475	1.0
77.2153290913417862	-2.4660712377816010	1.0
71.7054972324467883	-1.9213424016195360	1.0
69.3395552880171948	-2.5834961197595510	1.0
75.7451513718712164	-2.2726091594315414	1.0
62.8751895656385216	-16.4028064572754886	1.0
69.0198789650091982	0.4032047892754919	1.0
71.4643565073090059	-4.8694558484405217	1.0
72.1530276043989574	1.4311717670023218	1.0
74.0102417078014270	-7.8254306915452716	1.0
69.8163281718838107	-6.2775618917288512	1.0
68.1072865608572897	-0.7548739803685046	1.0
66.3615022504430954	3.2250566536587821	1.0
70.7176345662900587	4.0356431668265671	1.0
71.1007605496595829	-1.2646157010205670	1.0
71.0044670436068373	-0.1374696477518750	1.0
76.2608538647259309	0.9954796502012266	1.0
67.2695662494118523	2.4672619157577782	1.0
67.9330988320917726	-0.2490987212140259	1.0
73.7367359959939819	2.0406349812301370	1.0
71.8318212196947172	0.3455921605484237	1.0
72.5741055061922111	-3.1832127769122307	1.0
66.9711674356663451	1.0693065800498651	1.0
74.6290727256866546	-2.3032816069539375	1.0
65.9461248852997812	-3.4380683307303661	1.0
70.9327359884560309	2.0051573245620560	1.0
67.0635700456354868	0.1794534808099587	1.0
69.3371421284311538	4.6403243742462346	1.0
65.4871758720921520	1.3405471726549807	1.0
68.7448145670097830	-2.2381564348997487	1.0
76.4439413113500166	2.4900505564586837	1.0
70.9355623484672151	1.1089718475144215	1.0
67.8227050704963403	1.1913039998605297	1.0
66.8865244157583447	1.8075762731757159	1.0
74.7209032920490728	-1.1066899707188858	1.0
71.7543676796567382	-0.7242477950384666	1.0
71.3932233683910056	-6.1783546966796061	1.0
74.5657431596797267	2.3277635547716549	1.0
71.1124377688602323	2.0011936794991532	1.0
73.9545509777321257	-4.4203161011042482	1.0
69.9967983135810670	-5.9279358985009996	1.0
77.8081065197588231	-0.5899273783943791	1.0
72.5760746964388659	-5.9631654157139709	1.0
68.0930567287782793	-3.3817615748950889	1.0
48.0358098744772306	-1.0832142610690481	1.0
71.6037247091790476	-3.9222810558243277	1.0
68.0423037634740808	-3.0970245243649637	1.0
49.0162851753262530	13.6611472901517210	1.0
67.4283340987701791	-1.2597718885947571	1.0
72.6319954693984329	-0.8574844513513534	1.0
74.4805105204591058	-6.9890638165976355	1.0
54.7256208109461681	-18.3973719752020664	1.0
68.8398610352093385	-0.7209826400515564	1.0
73.8447329542755426	-5.6836691184253176	1.0
74.4034759951191944	-4.3481101161496358	1.0
70.7471947024860981	-1.9115088523347858	1.0
74.7788014237885506	0.6733729924759790	1.0
69.4277472292234137	-0.9069299271646342	1.0
71.2632485734940389	-1.8281159281533175	1.0
71.3505122506074514	-2.6882012513161189	1.0
69.7050441049326253	-2.5347500101501095	1.0
54.7854154048959572	8.0159924423878230	1.0
75.7884723330144823	-4.1289771982101602	1.0
67.8720277823825739	1.2634113002850065	1.0
70.9254998751392662	-0.9229696734205050	1.0
72.8795037932869860	2.0741309392532457	1.0
66.0487654762911376	-3.0020468625725636	1.0
68.8076484538665767	3.6852569575163083	1.0
45.2565050732320984	1.6096862722631164	1.0
68.7246987459494107	-3.8035573195727381	1.0
67.6793334126581385	-0.2568742814346834	1.0
72.3794627105404516	-3.0455207086150713	1.0
71.8077091684727691	1.0090967982370220	1.0
70.5174561850958952	-4.5652775630528630	1.0
70.4038121729659565	1.9696174320526414	1.0
72.1087639158445626	-2.1489337485396636	1.0
67.7757081660300145	4.6745407914700658	1.0
68.3970952106508037	2.1497555528202295	1.0
68.4495694678067821	0.4409716664797489	1.0
72.4725464496921319	3.5721244323629415	1.0
66.6603036505457851	-5.3690771673747610	1.0
72.9162813722186769	1.1659342683387901	1.0
67.3127107137433853	-2.2883017870330984	1.0
71.7006290356799241	-1.8760813382165844	1.0
69.5270282872316869	0.1726059433092757	1.0
65.0458599218537046	1.5482516806686502	1.0
73.8209401234865368	-4.2474783415366408	1.0
74.1959879509317233	0.4336986469548538	1.0
72.2285609994375903	-3.2171385224299449	1.0
56.3369061332686911	19.1358695941277794	1.0
70.4188395758460643	-5.7840744913411122	1.0
68.9489777874766077	0.1956849873894200	1.0
68.0851815049353064	-2.3488274008609040	1.0
68.7547761316839399	2.3548308285254831	1.0
73.6239619587421288	4.9453571050931009	1.0
70.3430465224786445	-2.8893050460897824	1.0
67.2894969951390607	-8.4041621963258866	1.0
69.1173892789454527	-1.6416715838687557	1.0
73.0866236812313730	-0.0535417960421362	1.0
51.5776987217315650	15.9014520311218295	1.0
71.1811232017314097	0.5906008372839749	1.0
70.1933505429735050	-1.3276762662228871	1.0
67.1945182023615217	-1.1548398435374960	1.0
68.6654851686321166	-0.6732281382120712	1.0
72.7126814112512534	-2.3678178487264576	1.0
66.5468971817592205	0.9488057464600954	1.0
67.5895636460380018	4.2760642006572436	1.0
67.1868584334272896	0.9724459925150650	1.0
65.1409518323420826	-2.0670083016284173	1.0
69.4808476835167852	5.0383252369307447	1.0
68.2843952952671600	-3.1581694655302632	1.0
70.4653420345710373	-0.6678576247359511	1.0
68.9963254361686467	0.9120616273822840	1.0
71.6937082467711093	-0.6099143843579865	1.0
74.3317490702093835	-0.6227568211009371	1.0
70.6102321902229590	-3.8193468103050061	1.0
67.2169481949315042	-3.1510464244826082	1.0
73.3969203620811328	-3.2110707291268876	1.0
72.7480905321064881	-4.9492350329098693	1.0
69.3296854461308527	2.2305415452646691	1.0
68.9607257164667260	-5.5841745806053220	1.0
72.8400097233581647	-0.1197579473558546	1.0
73.6830887037154980	-5.6227575991369871	1.0
74.5078669172987276	-2.2464723770012736	1.0
67.6209287162515267	-0.3920990512017269	1.0
72.0060105468346165	3.7593102163108556	1.0
66.4801031725695140	3.0996884556029802	1.0
73.9268857647370936	-1.7513515186647588	1.0
72.8860432660965216	-1.4470781979997325	1.0
70.0083424814165340	-1.7233552729489816	1.0
72.3832225201407482	-1.9533613438430499	1.0
67.6551752426923088	-4.6808523125199928	1.0
69.6417127614759579	-1.4528364266894880	1.0
68.4511508032936149	2.8124399162371345	1.0
69.9471525318469673	2.2103029377917776	1.0
70.9078622072894404	-3.0385851758674787	1.0
66.5129875324119695	-1.9392155775177864	1.0
66.1770207635525765	-3.2148296383404515	1.0
76.1608555874864948	-0.4135701706876960	1.0
66.1688810351949854	-0.9964206780172792	1.0
70.7159971751977849	-4.6233077329062873	1.0
70.4116474970403630	3.8442568348056798	1.0
68.6854769369946894	-3.6553866876797465	1.0
66.2246672698756100	-1.0379403600904442	1.0
73.5393838311487258	-3.2025260467205636	1.0
72.9559353082725579	0.7833190321734155	1.0
72.9069453786848669	0.1788707308475589	1.0
69.5430201632169656	-4.9405042101214676	1.0
65.3806344722143109	-6.6567322161724052	1.0
71.1986348746253412	-5.8571548388349974	1.0
65.7404828080253054	-0.5522933871982301	1.0
72.0532910539734530	-3.9231409730777429	1.0
65.4477552414454919	-8.9181652991678497	1.0
69.7899420621417050	1.0296912994014322	1.0
70.0405766770576435	0.1642927628695562	1.0
67.3194108095271275	-4.0327942816163445	1.0
69.7915868497140224	1.0464434971650107	1.0
43.6169510479896871	-10.0147565005260795	1.0
65.8730460247627718	4.5344548179692135	1.0
69.9052409374641002	3.3655460915663422	1.0
72.3428112601502704	2.2222151281355429	1.0
60.6372037730438933	-18.6234369386115723	1.0
68.3303135583214356	-5.3143897341101214	1.0
71.5718439280386178	2.8667809858680346	1.0
69.4945657376973713	-3.2188674314884742	1.0
69.8780248786088123	-2.6831979962563013	1.0
65.3149120179141676	-3.3715168474128712	1.0
68.4688490246415000	-4.4364142839024616	1.0
74.2286440488819750	-0.0426908776781481	1.0
70.6585230824168349	-1.2058792474009676	1.0
69.3448294990789407	-4.0835285496659015	1.0
67.8325544204201663	-1.4039285871055769	1.0
69.5927976342178880	-2.3446668638403976	1.0
38.8841112664245685	8.5372245551497912	1.0
67.7397859575844876	5.2274287793610394	1.0
67.1578122396413306	-2.4616843175951728	1.0
64.0900950421195432	-0.4767830530802636	1.0
70.8300895611855310	2.8967442448087937	1.0
60.9907631893243689	-17.2310462710687595	1.0
69.8389137926088921	-3.5908480265434002	1.0
70.6245599683543759	0.3298212132459271	1.0
70.0025599145661488	-5.4957183255073110	1.0
-66.0743745002839802	10.0969654318913307	2.0
-71.2933482432479053	9.6296999268002939	2.0
-65.1495680464373095	11.1626583110107678	2.0
-65.6726501517071171	7.1476557411046437	2.0
-70.5399513190888428	8.5890666426883868	2.0
-65.2828144034587581	11.9512300609604463	2.0
-62.4973409273676594	9.3862150811655276	2.0
-69.1802515002412690	10.0236903786580669	2.0
-66.7847068281710250	14.3564402863531857	2.0
-65.5624072166802847	8.1563546384487342	2.0
-63.3260871300750878	8.6909131651222804	2.0
-64.6353016129910856	8.2305244782839697	2.0
-70.0842365608021680	9.1899477872999444	2.0
-65.0972217895182439	10.2986377683913819	2.0
-41.0074865591855442	-0.6217168582550295	2.0
-67.5903744041543320	6.6001851767087949	2.0
-68.5978427655626604	14.2210831524177905	2.0
-48.7962736968292177	9.5044126681570695	2.0
-63.2294162056842097	6.5416168532028349	2.0
-58.6289197515419787	8.5547284798093788	2.0
-68.3690445504681463	9.2134401731717404	2.0
-69.8643816683064642	13.2944897658388754	2.0
-50.6201841510155433	18.4688655917562130	2.0
-66.6489672456264515	12.8921129159075232	2.0
-60.1329747585668386	7.2709672955529721	2.0
-64.9732177670442468	10.3483913259267339	2.0
-57.2113137187046945	7.0954256836595251	2.0
-65.1393491087652308	11.9250447334059970	2.0
-66.0652598518869638	10.9590333195512653	2.0
-71.2904786928972953	8.3268200165505633	2.0
-68.8926300571783230	11.8224946305508194	2.0
-67.0232531196258350	9.6693529196553900	2.0
-67.8501374744403023	7.5960891121333258	2.0
-62.6369817253527614	12.1263611973957381	2.0
-64.9959883070992106	10.2969882710642544	2.0
-66.3868026284991828	11.4798503585148008	2.0
-64.0795297145813691	22.1193626675984163	2.0
-54.5341994340382641	7.0200375440216636	2.0
-73.7395367451319146	9.5566075757461579	2.0
-70.5435152829696932	6.7246481189583358	2.0
-71.9966556972957363	9.9401706407475228	2.0
-68.2669952027097509	13.2296310977431890	2.0
-64.2025752925927549	14.9871891834586872	2.0
-69.0645347887117111	9.0986767951527749	2.0
-63.8086182927718113	9.0843693395614373	2.0
-67.4103486117953423	13.1099407961087593	2.0
-70.8172245190920648	13.2530133154746181	2.0
-64.6555977621371625	6.9264231187225791	2.0
-63.9756186944600671	9.5323643239568820	2.0
-65.7252754661500802	9.4212442120248561	2.0
-65.1183122229161029	13.0068257678389649	2.0
-67.4308227353706684	12.6032480900896022	2.0
-69.3989941282807763	11.6335427406566083	2.0
-69.3093560447366457	10.4484295921100543	2.0
-42.2621406688333252	23.0498407956142763	2.0
-69.7060432016281339	13.0392649672317358	2.0
-68.7524389940715821	13.0172845005408782	2.0
-66.6599243664893493	9.5539918074824843	2.0
-67.9586278028837398	14.4216252584103319	2.0
-64.8606599233883259	13.0725563774142230	2.0
-66.7946349923721101	7.0459806390759452	2.0
-73.3142541380104120	7.8395322125071347	2.0
-64.4275110210356132	13.1104137877728117	2.0
-67.1555765576966621	8.1030288413116764	2.0
-38.4083519986414643	3.5357956043418497	2.0
-63.9166458275334790	14.1110535283002996	2.0
-65.4658776609471147	11.9115656964818921	2.0
-68.3759023747471701	10.6655906699936036	2.0
-70.1280071631427120	11.8954125810344156	2.0
-42.0776259536043824	18.8718536384053870	2.0
-68.1050214859514114	7.6069568606753348	2.0
-65.8662251599758974	12.5623779269090878	2.0
-68.9673269507440381	9.4470286415866678	2.0
-69.3065541370652483	9.9716364676477536	2.0
-69.6890008146820605	7.6218813870534472	2.0
-40.9648700279173212	22.7330349365339508	2.0
-70.3550525927550865	9.9087855983314945	2.0
-51.8456149241888511	10.8097388264063206	2.0
-71.3270943091728640	10.5735176404374300	2.0
-62.6070445771089652	10.2039960642763727	2.0
-66.6012653107479196	10.6466286188876733	2.0
-72.3549065349946545	12.2982345021798434	2.0
-68.2305996926963445	7.6502821745645413	2.0
-39.6724957509600458	26.2430151345248390	2.0
-43.4411575251973048	13.8026707219549891	2.0
-69.4540552926555250	11.0695829677196631	2.0
-68.0299327468451622	11.7879604827315916	2.0
-63.1877051479527125	10.1891191985808529	2.0
-65.4189786326208349	14.5275081892699589	2.0
-70.3558532972701443	11.8132690615691143	2.0
-70.3650365520839358	10.5400438474379712	2.0
-67.8756807093671313	10.9079428521280661	2.0
-66.3745643449928622	7.8104060476797459	2.0
-70.7333350670607786	7.0112085258254870	2.0
-51.2320856508203804	19.0411959316540162	2.0
-69.5365159937645387	7.1928750129063621	2.0
-64.7925612080477862	10.9644293942240019	2.0
-71.5154817383055530	10.5986172344779952	2.0
-67.5438607505059991	9.7443987190318122	2.0
-75.1487104078705812	10.5575662399113170	2.0
-66.3656213335006271	10.8965076514189825	2.0
-66.4585090879611187	12.1511291488177289	2.0
-67.1795894396036175	4.0766813075548072	2.0
-68.9335571431874286	5.7852295827610050	2.0
-63.4933982104803505	8.5668763187659565	2.0
-65.3188994044146085	13.4831309249343896	2.0
-69.1275263754334901	13.4831479313152514	2.0
-57.1410694728512780	5.4461747812219770	2.0
-69.1683748189416576	9.1594692798241066	2.0
-64.5142352828503221	12.4402702182102569	2.0
-68.3785345291958748	10.1757698069960956	2.0
-49.0317191573463518	18.3177694648709988	2.0
-66.0661007477504540	9.1339715481148609	2.0
-65.0262412353153252	18.8537531459644292	2.0
-72.3803150263436521	8.9539442772532194	2.0
-67.6948565480228979	9.6119447974995538	2.0
-63.2406944047940982	8.2665098757274151	2.0
-61.6289789701517492	7.9468345903528661	2.0
-70.0747375046889829	14.4054915539297372	2.0
-67.4547918828594817	10.1152551740778041	2.0
-73.7065412034204286	9.4893933538923356	2.0
-59.8805340258261722	4.3522281484944134	2.0
-58.6425871238420200	30.3375799427858830	2.0
-63.1075589898706113	6.5455994421944537	2.0
-67.1395293467685548	8.2380096389140149	2.0
-51.9817019449837119	8.1178767034780677	2.0
-40.7037499325814167	22.2404871387413756	2.0
-70.9591165237966806	11.5624221157979559	2.0
-69.6438678592255087	8.0806804029610024	2.0
-57.5263326158361039	14.6977443685944440	2.0
-71.9733657186524169	9.1905776846979403	2.0
-70.0319898044209026	13.5453864080207964	2.0
-41.1874345652639136	21.0203365204194910	2.0
-71.1528356293814284	12.1813918767481262	2.0
-64.2883823288226210	10.2649876942065461	2.0
-73.7877412954343868	11.7801860467315009	2.0
-63.5114985739540217	10.0835156635841425	2.0
-72.5269582502148040	7.6779122762720462	2.0
-62.3148376107669293	8.5905641780920945	2.0
-68.2087601494440605	12.4938178178111290	2.0
-64.5849611571287028	8.7749619906201204	2.0
-62.7935782138305072	10.9825947670417818	2.0
-72.5978624476939558	12.4087763412725316	2.0
-66.1935664256352112	8.9120468500047743	2.0
-68.0627238090877285	12.8302450580533201	2.0
-74.2639186736440990	12.1051979105701619	2.0
-66.5994467388972140	13.3548215154574503	2.0
-66.4983581415048945	12.8760915115454235	2.0
-66.6237492028921565	8.8543963390043725	2.0
-65.8238464528073308	8.4226481625928944	2.0
-39.7291563885211616	22.4540677368393418	2.0
-65.2828190999776581	13.8571850171504973	2.0
-66.7801898683509165	11.4212183564122540	2.0
-60.8238555263814291	10.1200656859707525	2.0
-60.8883061712964064	6.4006216817402750	2.0
-67.0058630803665949	11.8240109840775727	2.0
-63.9429031205241500	12.4398038974245022	2.0
-68.5555023876870564	7.2266317005611320	2.0
-64.3160158290024384	7.6402476286332943	2.0
-73.6369525198850141	10.3934615068454796	2.0
-61.9788421626030726	10.9448601229456326	2.0
-67.2272998706984737	10.3148384690406001	2.0
-57.1872820452766391	5.4462968578354607	2.0
-66.2146426183745831	-4.4200087489814006	2.0
-72.1274940778850038	7.2277305368434819	2.0
-63.2180216898332574	7.8030806729284592	2.0
-65.0224857164929375	8.0292679700155407	2.0
-68.1478902281169354	8.3126914616225598	2.0
-42.4722097146532604	22.9225990447693988	2.0
-63.0745850851128296	12.0631178338420071	2.0
-68.5690715381939526	8.5684667717100531	2.0
-72.5752727970292426	11.3444967760321873	2.0
-64.2177607801915968	9.1055233911465052	2.0
-71.0328896645271044	10.2398226963148069	2.0
-69.4711994703559839	8.5393592737555881	2.0
-65.4911172127432053	10.2511511812390612	2.0
-70.1470585131440174	8.4266058065400351	2.0
-66.1204621503459293	15.2385980976060278	2.0
-67.7107446753534816	11.3501988118090136	2.0
-67.3908660428656532	13.8011685493638776	2.0
-66.9149256001047377	10.7597166799352184	2.0
-64.9939181846349356	9.5199769950491682	2.0
-67.1853779066144767	6.0822548812552153	2.0
-66.2923993401743417	13.9068856575074307	2.0
-63.6439317619489415	12.9669573274136578	2.0
-71.1212618288598293	4.6021901120352728	2.0
-40.9303170717839393	-0.7001920061703821	2.0
-67.4686283083372160	8.7004524219779320	2.0
-41.8089752003392263	23.0410522839842322	2.0
-69.1235188574793682	11.7820283525081173	2.0
-52.2126405414031183	-4.6999290865814531	2.0
-73.0700825177724766	13.6870861922632692	2.0
-65.9500866907106911	13.1969945046593136	2.0
-63.9654711945153309	11.7140198441903198	2.0
-40.7655568992905444	22.8718493262854992	2.0
-65.5951172262896165	6.6139494677920165	2.0
-68.4269465639079613	11.0081598822323006	2.0
-64.1303353931460123	11.2588709646285672	2.0
-62.6695140050854249	3.7681339326479608	2.0
-63.5085045098402006	9.4850729800982556	2.0
-11.6954907028847437	-33.0471666358637464	3.0
-7.0747707927907610	-36.1425068742384639	3.0
-8.8051213563976223	-32.1889674856469696	3.0
-2.9001887886274318	-37.0640015869629593	3.0
-7.3093453648877666	-33.9610233996820838	3.0
-3.5180395572894438	-35.3351730585200130	3.0
-6.9591668159594988	-35.3697278752268360	3.0
-4.6720045592886779	-32.4115539217892135	3.0
-8.9852185104235680	-34.5062631080953395	3.0
-4.1719850504461355	-34.3772798094941123	3.0
-10.1387251831067697	-33.6290146794429035	3.0
-9.0434780660393592	-36.4168321760774631	3.0
-1.7400083786024034	-34.4885220393075116	3.0
-6.5462945847476339	-36.5508282117167767	3.0
-8.0126475545615197	-34.7049856448547445	3.0
-11.6465451174764620	-31.3696722579250391	3.0
-9.7737839008696810	-38.9299425550500118	3.0
-8.6447240549558000	-31.1851237932165795	3.0
-4.9130338828953732	-34.2843189043489716	3.0
-6.1891916342894344	-31.8485765772057299	3.0
-6.3285374214662315	-33.8787990753726618	3.0
-7.2118022132114250	-34.9848848770199226	3.0
-3.7472604262060063	-33.6376775504887888	3.0
-3.1355751913414771	-32.0328117750036085	3.0
-4.8287863042319907	-35.5312859976141837	3.0
-4.0904100819277485	-35.1377401493698969	3.0
-8.6450113453298911	-29.6263046287690912	3.0
-3.7712767793573394	-31.3340394453378401	3.0
-12.2273379891736660	-34.5184912512270543	3.0
-9.0399489037018785	-32.6190371074278644	3.0
-1.9573480573591329	-38.6121420213702109	3.0
-10.4846775258602722	-35.8987648721977166	3.0
-6.1437604934804835	-32.8751469069508673	3.0
-4.3111032180438240	-35.6181713396173478	3.0
-3.8442944130504357	-36.9714687867449712	3.0
-5.9651769684650784	-36.8740061280898104	3.0
-6.7593656479793163	-35.3770818533476117	3.0
-4.9517521666562549	-34.3986608654258887	3.0
-8.4083335969717652	-35.6839865552507476	3.0
-5.9926026190433310	-33.5427683846063189	3.0
-2.0485775860751398	-33.3750604919402676	3.0
-6.1271519842461890	-36.1816358804766125	3.0
-10.1856787682228109	-34.1035098471327629	3.0
-11.6747295892244338	-37.4696839650033695	3.0
-10.9410701979708929	-16.9101454174187076	3.0
-6.4857999396657116	-36.0066163263430283	3.0
-6.8041473108830264	-34.4745142885078621	3.0
-9.4722236769497972	-35.3726220379217793	3.0
-8.7527148081953765	-31.4566135343416846	3.0
-6.9223393386233649	-33.6689971189198474	3.0
-13.7515785990797941	-36.1496233364860089	3.0
-4.3947129272993379	-37.1771242789988534	3.0
-8.2794492751996955	-34.0178842783038746	3.0
-8.7539650513370049	-34.3042121080766620	3.0
-13.2650357565966424	-29.8873192019778386	3.0
-11.4655764757551157	-31.4848360361020063	3.0
-6.7706375622223733	-33.0915565226445096	3.0
-12.2216040683901515	-35.1770497890375040	3.0
-9.4541510166660316	-37.9181627807972319	3.0
-5.2049213803017480	-38.0623152861700405	3.0
-11.1711459744796393	-34.6267522481206953	3.0
-8.6488514725999632	-33.7130875508681811	3.0
-4.5676010168062167	-34.6899040079842322	3.0
-1.7741039547227222	-33.4565369601500393	3.0
-7.0605901824624064	-32.6838897047933941	3.0
-9.4301634583168639	-30.5621641378517630	3.0
-6.6188628276901396	-30.7299522180280604	3.0
-10.9115416370131690	-35.4614580836232420	3.0
7.2638780430164624	-39.0071122510365456	3.0
-10.5930791868630365	-37.4474022898422447	3.0
-8.4135926180031770	-37.6327792233127028	3.0
-3.3337839489558099	-33.9716762058491355	3.0
-7.2918393598177298	-37.2876842914320932	3.0
-11.8169371184386272	-32.7762208300303115	3.0
-5.3929026946936647	-32.3916642452517962	3.0
-7.9233551349860720	-30.6268958464249828	3.0
-7.4180802945364324	-38.0584137201528065	3.0
-5.8386021085386846	-34.1545974506858485	3.0
-10.1483268430393636	-34.5155152928280060	3.0
-12.6803014425187950	-37.9485914112823153	3.0
-9.5062966583604229	-35.1785309874973180	3.0
-5.4123106085390571	-35.3899487637789676	3.0
-3.5724965986044053	-37.9743796763296828	3.0
-3.4935097789994267	-38.4812998210767958	3.0
-14.1534069300214576	-38.3614076288757673	3.0
-6.6449713222528048	-53.2753368669080416	3.0
-9.2706267060079917	-37.3567679713569589	3.0
-6.6894372673189526	-33.3713459231994847	3.0
-5.2670768941441048	-37.8668838157847603	3.0
-5.6019585670958723	-33.2333336124763150	3.0
-9.3181232899399440	-34.9149546116135880	3.0
-8.4136726152706238	-31.7700349199372667	3.0
-10.7331145178180325	-32.2760089408609190	3.0
-5.4548193215196443	-31.4893085087969276	3.0
-9.9197578276396889	-32.6697233770243827	3.0
-7.2733193761586854	-32.8840518854191330	3.0
0.7898653634557563	-36.8574574221917572	3.0
-6.1913922559314258	-35.0809050162959011	3.0
-6.7563927930539265	-37.6949712952196663	3.0
-12.9394971354672528	-36.9284168995359181	3.0
-9.5814187666463049	-31.4842858487835713	3.0
-6.5214240190426356	-32.5254201920804036	3.0
-4.6627269312520569	-33.8161579571710718	3.0
-9.6980248404679141	-15.2637038096948974	3.0
5.7856502081572119	-37.9589387511346601	3.0
-6.6750136815434615	-39.3985156407326471	3.0
-5.9663494678076727	-34.0997090612229385	3.0
-11.8178161463814764	-39.5691011983488963	3.0
-5.5836970287210264	-31.9798993267405329	3.0
-2.1403393676961646	-35.4069618012304232	3.0
-11.7441370208937208	-33.1544856500333793	3.0
-9.6391211654958919	-36.5695637702809506	3.0
-8.5935738515775899	-36.8349224359213281	3.0
-8.5762326632687316	-35.2663650093911940	3.0
-5.2124664900316153	-36.9656352826218111	3.0
-5.7814828504742426	-39.2371352214885221	3.0
-10.6617063907039551	-38.0268923027731915	3.0
-10.1190091630532049	-35.5141902864479988	3.0
-10.6330042899720141	-33.2585607252437185	3.0
-6.9516500035622615	-32.1273976357389017	3.0
-5.8474998541391798	-38.4421117810708139	3.0
-5.6752930232466881	-34.9375682388355031	3.0
-0.1876144708404768	-31.3251359709184776	3.0
-8.6414321862941712	-38.0258509601746013	3.0
-7.9966215531552480	-35.2090396006003701	3.0
-2.5752620730695730	-35.1059673626166528	3.0
-4.8491821875880152	-35.9675106510427796	3.0
-9.5531221583268682	-38.0367066714880693	3.0
-8.9602496961466915	-33.3549559451088697	3.0
-3.0694762965284053	-31.8337074868006091	3.0
-8.2230574144554129	-38.4855553699703847	3.0
-7.6701527569665311	-33.6783313500180483	3.0
-4.6399508840383179	-31.4274067401538595	3.0
-12.1598973588407535	-24.2666333723481493	3.0
11.2715010866997609	-26.9145855011401451	3.0
0.0134178008264702	-28.8908735032893951	3.0
-12.2811603437326067	-23.9549886268646546	3.0
-7.0888507595996639	-36.3426918635343057	3.0
-3.1288201701626819	-34.6985786974973962	3.0
-11.2951835577137132	-34.6916326026941491	3.0
-10.0611148319087302	-36.5220465746539276	3.0
-8.0385845324085867	-34.1956923724138164	3.0
3.8026930017250939	-27.7267312806215216	3.0
-4.8830821245428924	-32.9654360319411239	3.0
-9.2382828946191644	-38.0727404534260501	3.0
-7.2574536821468802	-31.5005796198489136	3.0
-7.9038041482774668	-32.4070490107144877	3.0
-3.1924673061145321	-35.9564102969416908	3.0
-8.0836017549165931	-37.0741930532628530	3.0
-5.4221696802830852	-36.2516088342625551	3.0
-2.5395393169793814	-32.3324137689125592	3.0
-6.2218209501688193	-36.9608014887198735	3.0
-2.5993643903471169	-52.8012114168673534	3.0
-8.2089142337379730	-32.4869197493637714	3.0
-6.8138978114418860	-31.2708142688046991	3.0
-8.8080134453049137	-34.0090231196698980	3.0
-4.7825645179254224	-37.7324493660337978	3.0
-5.1935448801311992	-36.7834068321818179	3.0
-10.0718093939356557	-30.2686040270409755	3.0
-5.8305222245709176	-37.1931646386317496	3.0
-2.8042083801648903	-33.8933036732874271	3.0
-10.1777199558380360	-33.2936943338168092	3.0
-8.8051536147208438	-33.4408056265645257	3.0
-15.6038418302902908	-26.6246377834698755	3.0
-10.4818860422529792	-39.4421651681419547	3.0
-11.9262203814148933	-36.2337822912088114	3.0
-12.5823256617788797	-33.2631087476399969	3.0
-7.6436348688834128	-35.9444923427870293	3.0
-10.0205064456337087	-34.4478151431243873	3.0
-3.7299558919250067	-33.0462706165512046	3.0
-9.3688142632889182	-39.1356457796209156	3.0
-7.8913379900656446	-33.5249724421800579	3.0
-10.6212072204640382	-36.8721937870017342	3.0
-10.9932921318800378	-34.8169230311184776	3.0
6.5233408299511284	-20.1738742374121500	3.0
-6.4980285971489415	-35.3817973997619859	3.0
-8.3209199308383539	-36.4212214352335053	3.0
-9.5952783703286926	-36.1551000416181978	3.0
-8.2035499596525057	-35.1328191019414291	3.0
-7.7374108970304807	-31.4414241089570865	3.0
-7.7538692222504508	-36.7835253684674726	3.0
-6.7168102848243176	-39.8206001637097984	3.0
-6.2597610221154483	-9.9480126260178583	3.0
-9.8491429825085071	-33.6910214209703938	3.0
-11.5400817993238096	-35.7870754541141096	3.0
-7.3780671101100719	-37.8605718095642345	3.0
-8.0684060190977931	-39.7506821753663004	3.0
-1.4864107137059528	-36.3014781946938712	3.0
-4.2067211620131904	-33.5239221973946186	3.0
-5.0746968994415687	-35.1730496796579573	3.0
-9.9709558868115860	-33.4246065867585500	3.0
-7.8543730013462021	-36.2150100042928358	3.0
-9.0154785868953340	-39.9318822097405501	3.0
-7.2620859502906638	-38.4334540671773084	3.0
-10.5851060851906151	-32.5176280495777306	3.0
-4.5525938506688304	-33.5941862466890342	3.0
-4.5962353702645542	-39.8664089184907979	3.0
-1.5578837873660485	-37.4538526578002759	3.0
-9.2094144751843601	-32.6130699368799881	3.0
-11.3770223780499560	-37.3781731939167159	3.0
-1.7297511567301749	-76.7003266403864359	4.0
0.0834199472785248	-77.6959444945087512	4.0
-2.4876530802688328	-77.8252015977344911	4.0
-4.3288140651363980	-77.0255178871729527	4.0
-4.6805201466205961	-84.6267490731142686	4.0
-0.1786441961886260	-84.2165560247368319	4.0
-2.8801067024356941	-74.1693420962293715	4.0
-0.5004225710073270	-74.5687068216462876	4.0
-6.3297265555858750	-79.1174470384915907	4.0
-5.2015536642663909	-75.9199375289226452	4.0
-0.9366190287053376	-79.2343716320363853	4.0
6.9717209784062879	-67.7876336821544072	4.0
-2.7222134290428253	-80.4471757871634452	4.0
-3.6859338614511863	-78.5395816957662731	4.0
3.2506439627824535	-78.8911002035140001	4.0
2.7869099296239215	-75.8976513505804178	4.0
2.4506475874083402	-79.6956541132326635	4.0
-2.1033013477494982	-75.0501226104617132	4.0
-5.1104512826999065	-75.4114974346220066	4.0
-2.7740163190690637	-75.2669613347293733	4.0
-4.0071421440070836	-72.2671727415579568	4.0
-3.2023542235806892	-79.4804229361533885	4.0
-3.0594848554418714	-81.4718249874306508	4.0
1.3769252080709522	-79.7713864478350558	4.0
1.9064400609252037	-77.5608676831896986	4.0
-2.4641036483403465	-72.0035833140964030	4.0
0.3075017744347905	-81.5879547448447795	4.0
-3.9767930384612398	-73.2646036032093804	4.0
1.9821561817943230	-74.8190395573498961	4.0
-1.0202646975307330	-76.3153035255335510	4.0
-4.9254192770211436	-76.7334121818987569	4.0
-6.4291748343182080	-80.8445639788756267	4.0
-2.2794548700242263	-76.8892428863884874	4.0
-3.1357235496758658	-73.1737746001573583	4.0
2.1165662963961633	-78.5131765807677908	4.0
-2.7907517600666258	-75.6830531249804466	4.0
-5.1060698296629887	-71.9958168012340707	4.0
-3.8631846774954286	-76.4524381412718270	4.0
-4.6086441183866649	-82.7961612683282198	4.0
19.0958458476925692	-45.4423609485207152	4.0
-4.1744234486993097	-69.7582183019352158	4.0
-5.5587511338169513	-79.9286578822165552	4.0
-0.4916842577322912	-75.6164915731010154	4.0
-1.1317651508350208	-83.2982275722500560	4.0
2.5543858825075945	-82.6899872190120533	4.0
-14.6850013992988320	-52.3190629331449770	4.0
-5.1562468677924294	-77.6874990549295603	4.0
-4.0686612760207712	-76.0214845723683936	4.0
1.2949702874027460	-77.1177401037094370	4.0
-2.1182068934457559	-73.5247062012187484	4.0
-4.0649422468557930	-78.1341202715694862	4.0
-2.6956474650970930	-76.1647071982438462	4.0
-4.6006453558487843	-84.2163026506716079	4.0
0.2511993283774286	-76.6854396841438444	4.0
0.6321011882785801	-75.4354395080286508	4.0
-1.3479786823509730	-77.7385169388656578	4.0
-1.6358566355431634	-77.4285591031727023	4.0
-2.8512599777717860	-82.9897605630805799	4.0
0.3101133393199694	-76.3517760831569490	4.0
-4.2740279132005687	-77.3376657485537322	4.0
-7.9817111998542485	-79.0259097868511162	4.0
-1.3486554253161700	-73.8011055456071148	4.0
2.7164999549199580	-78.5343124105819186	4.0
0.4871024765097831	-79.2910822814038170	4.0
-5.9634030950068579	-81.9828962890789654	4.0
-1.2774906151307046	-81.6587707540619618	4.0
4.3240605619485537	-70.5010794472753730	4.0
2.7210997404852733	-68.6505314765181112	4.0
-5.4047922849859997	-79.8130757098742265	4.0
0.0888168476312740	-74.5684255622578434	4.0
-4.4835825656162216	-78.8866794257629778	4.0
-2.4203397654449792	-80.3431642032892483	4.0
-4.1789358766140072	-82.2736966151980340	4.0
2.5278915447174386	-81.0609227591509409	4.0
-0.1521682106526208	-80.8829190902976762	4.0
-3.6308808762257119	-77.3055872005577385	4.0
-5.0455016964247008	-73.5622120476245982	4.0
-4.3026059056634143	-74.9462718963912238	4.0
-5.0594061695221093	-77.6590052756404674	4.0
-18.1826910741301511	-63.9404202763350895	4.0
0.7132212855714595	-80.3203596945472356	4.0
-3.1092920668249429	-73.7658295162274413	4.0
-2.9826789333296135	-73.0144566218068576	4.0
-2.0687989628122261	-65.8246364600864098	4.0
-0.1394764945571423	-78.0060878529853454	4.0
-1.5766433723052131	-78.8559081394291042	4.0
1.1404245800146795	-80.6209384208163868	4.0
-0.9299403543221482	-75.7348307462385719	4.0
-0.4152612030784588	-73.6419003808826744	4.0
-1.6193774468297089	-75.3079633487091513	4.0
-3.5021666313806219	-76.4161990528049984	4.0
-14.8887264781319022	-52.3092401002576324	4.0
-0.2427673430240685	-80.3312829699843860	4.0
-0.8787570378802476	-78.0512403939058146	4.0
-0.0076378916549851	-77.9025624266633940	4.0
0.5781072485262737	-72.5102692721688840	4.0
-4.0199580024916060	-74.1272297844840438	4.0
0.3103311837777993	-55.4010489151595280	4.0
-0.8459376957508387	-77.2173077032137911	4.0
1.1999570632562080	-81.7574865805181048	4.0
-1.4373563227571315	-74.4221189046001257	4.0
9.6649831042471916	-45.8768648366705349	4.0
0.4501180541087929	-78.8834440504348180	4.0
-2.2654910081420736	-74.5406529358592280	4.0
-1.6448652931470302	-78.0636743793948398	4.0
3.5728555913462889	-68.7911343722080915	4.0
-6.2002128534259358	-82.6336838310454311	4.0
3.0588134958379167	-76.7496063749388924	4.0
-0.4038665995712223	-78.8765862825649009	4.0
0.0943363781633347	-79.8377637967018643	4.0
-5.7554431209995096	-81.7246020122562840	4.0
-3.9833937839398863	-71.3809533652819539	4.0
-5.2424241819219803	-80.5748362473396611	4.0
-0.3871656794441659	-75.2538416666944983	4.0
-1.7417239879951250	-78.3842834476916579	4.0
0.1555097923455499	-73.8148745958698100	4.0
-1.6076345346859946	-76.8258135490792142	4.0
-2.3042099266347540	-84.6396565986993323	4.0
-3.9384460272182316	-82.2170053775358411	4.0
1.7374837978353050	-78.7911954003832733	4.0
1.1821450091145871	-73.7803646281850405	4.0
-6.7214633680493847	-77.7281131651117647	4.0
1.6872518638894076	-77.4321743544922612	4.0
1.8142783718615649	-80.4904434465195067	4.0
-2.6605788726997761	-78.2978324285746510	4.0
10.2517507841360409	-54.9833214652805822	4.0
0.2576426666773066	-82.8528101021972958	4.0
1.3341381169552260	-78.9173570180289374	4.0
-1.3106266441960590	-80.1157507178428574	4.0
-2.8422873138974452	-76.8388177653940971	4.0
-2.6608626887553912	-77.6217776157577930	4.0
0.2694464716135355	-82.3721959179210756	4.0
-6.5823090499314700	-77.7714026463600590	4.0
-0.9759962971559963	-76.3954389429934366	4.0
-0.0394653194097461	-79.3747732285523000	4.0
-1.1701429740581923	-75.0774104399060036	4.0
-1.0321252729805026	-80.9218509908154999	4.0
-2.4032235286820289	-80.5519052532037847	4.0
1.2020727049032465	-78.3875032872382178	4.0
-3.4477454190723238	-79.7907817378075208	4.0
-1.5779641793620367	-72.7586128017763514	4.0
-4.3017236563395231	-80.0357198090015913	4.0
-1.8738512200516735	-79.2812532396535374	4.0
-1.5430868251936640	-82.2587938360728970	4.0
-2.9308078617968967	-78.3421272640715216	4.0
-4.3386829214239713	-80.6733372108767952	4.0
0.4808589848116681	-76.8556400254025220	4.0
-5.3018223780486418	-78.8029533865670686	4.0
-19.3154402411284565	-70.8837620372947299	4.0
-2.8207465962138336	-79.6630471614645330	4.0
-0.4995137115191844	-75.8546867235764495	4.0
-3.5627108765377051	-86.8204105754020361	4.0
-6.7872114230234226	-84.2043148225603204	4.0
2.1308526693139136	-72.2859882625712942	4.0
-3.8359675855694939	-75.2286588381083305	4.0
7.1826836900999282	-30.9131261649898974	4.0
1.6194102086125437	-73.4788015082218919	4.0
4.2598803352543513	-62.9972040570504390	4.0
-1.6554486050311228	-74.7831561206983935	4.0
0.7132572142574810	-80.1793249966255388	4.0
-2.2065762935310627	-74.1781936468314029	4.0
-0.9166407485694895	-79.5139530792640699	4.0
-3.9566300567600750	-72.4439923691257377	4.0
-0.1395685796138391	-84.3214831972826602	4.0
0.3567476814036771	-82.4693782796058628	4.0
-3.7683796741054127	-78.3926347644981689	4.0
-3.8913389379513355	-79.6658303798357537	4.0
-1.4894164262231939	-73.1950942204617263	4.0
4.5688931935131354	-64.9014054727447416	4.0
0.7298533272327389	-75.1552480916925987	4.0
2.2640205162910929	-77.2609873038101114	4.0
-2.3535211055232330	-75.8765110932035327	4.0
-0.7857022079889956	-69.6426863198833956	4.0
-5.2417463025664457	-74.7970624810905633	4.0
1.3890111214518071	-74.4484469229029600	4.0
0.8305276670259376	-73.8379675635751909	4.0
-4.8524461221081117	-73.4797685352494625	4.0
1.8203027828517000	-75.6405791745263656	4.0
-0.4652490874155275	-72.3298401576895742	4.0
-5.4266211118571830	-78.8832539865243803	4.0
-1.2760641880741868	-72.7649820937214287	4.0
-2.2155185884472890	-73.1767246251789487	4.0
-0.6898133559003777	-85.8028532496550582	4.0
1.1112137032893490	-75.9321159836860460	4.0
-3.2107490156670897	-74.5441872896557101	4.0
-17.6567024347147594	-67.8717814201989569	4.0
-1.4156703747659098	-81.3253862570611687	4.0
-2.6760008570781957	-72.4020817323991963	4.0
-3.1712771958701751	-75.1547590825526015	4.0
-1.5678301011827145	-76.2886413713481772	4.0
1.3429057710528598	-75.6825336251740453	4.0
-3.6515111984243567	-75.4944227968052388	4.0
1.7299961324795434	-84.7778834027430435	4.0
-0.5880658394263560	-78.1756194092978802	4.0
-5.5781309751898958	-76.8122905907112283	4.0
-3.3833230195323911	-81.2928426240703885	4.0
-3.8805782813557808	-72.0832683733646178	4.0
0.8395156466086958	-77.7245680193503574	4.0
0.8123947869269780	-71.4476415530962186	4.0
-1.0275489651894663	-77.5570770888564311	4.0
-39.9567443574006020	46.1698862642547283	5.0
-39.4016387655266342	45.6374908998668047	5.0
-33.1915044002603707	50.5702521047172695	5.0
-36.9353927726235725	46.9741737709607179	5.0
-36.7555129706868158	45.5735339105394104	5.0
-39.7592265696896945	46.3378656400385296	5.0
-37.0519810931384654	44.3070564974504535	5.0
-30.0432086990202585	44.7892391730195172	5.0
-35.0784639338436648	43.7858121359448020	5.0
-32.4548746973594646	49.2205269901396534	5.0
-41.7555962089036186	51.7380208798145560	5.0
-15.6682335342339005	27.5696428761587207	5.0
-36.5703476147324693	39.4044353376629388	5.0
-38.1760717430695280	48.1479104081405822	5.0
-41.3119922489568765	48.3047923729579054	5.0
-34.5863265901285217	47.8714660006034691	5.0
-35.7896928148934634	49.3082262248131258	5.0
-35.3727418350233833	48.3677440047893938	5.0
-42.7603770221671837	52.2304448531701695	5.0
-39.0189395538153221	48.5697049354815960	5.0
-35.4779036756473616	46.5803111957759768	5.0
-40.9175345495025979	49.4353494960251112	5.0
-40.3956428060839130	50.4759285416970584	5.0
-38.2924114832236313	44.4974791654511108	5.0
-43.0724558472471557	48.1521569627299257	5.0
-39.3297795232675824	49.4857204467974299	5.0
-37.9949625845578964	43.3478517999964126	5.0
-38.5995608197316145	45.7998535316017623	5.0
-33.7557433929411701	26.1076533847098844	5.0
-35.2046285575248845	45.2206896691051483	5.0
-37.5655712725604829	47.6671253214700243	5.0
-40.2374569712496424	44.6898389557999636	5.0
-34.0594458452314655	44.1603700230792882	5.0
-40.0562823731587230	48.8954435116033466	5.0
-30.5061658479005011	27.7242606572370676	5.0
-33.7932330239831060	46.2292168513560782	5.0
-41.7224804213321647	47.5944853468368976	5.0
-40.5887231613809831	49.3086889319217931	5.0
-37.1119361105421603	46.7206494516847144	5.0
-36.0508275228183379	47.7715100207260974	5.0
-39.6258028549727257	47.6953522514170132	5.0
-35.9615432288428352	49.0218866675492677	5.0
-38.7264909523728136	51.9674816126450736	5.0
-37.6326878661604596	49.4533439236968775	5.0
-42.8799299480653957	46.9827116893810697	5.0
-40.0780120733435083	45.6976841930584996	5.0
-34.4163515207561872	49.2261732689554137	5.0
-41.0085582700677094	46.2560577414106007	5.0
-33.6745576972410063	47.2356882134002802	5.0
-16.1758997666153839	53.1040715900890632	5.0
-20.6792022003801570	54.8728715971033765	5.0
-29.3293422369401036	49.3153726326252482	5.0
-9.1582216615799688	41.9543951661818326	5.0
-31.3556745139396540	50.8617706746641076	5.0
-33.2353294216352708	48.0338448715676094	5.0
-43.3731955152388906	45.4641768151029950	5.0
-38.7689694185446001	43.8612973472511101	5.0
-38.9135840248889906	49.5066390738557160	5.0
-36.8563505068980959	50.6433708612805162	5.0
-39.2290568886699589	51.8842540217919748	5.0
-42.6916310047264318	48.4530064186507161	5.0
-34.4559823598561437	47.0492918260173738	5.0
-42.3451602196655230	45.7079487269875528	5.0
-41.5134853722890682	47.1506444278765997	5.0
-34.1137525894785441	47.8450016193002909	5.0
-39.3895773806998903	46.6498150040409740	5.0
-35.4996385534158350	50.3353095385703924	5.0
-35.4615356850932599	49.6748195615618968	5.0
-21.5688194149641035	36.7696099572169928	5.0
-36.7658083441711128	48.2860013042833600	5.0
-36.5443995160916444	48.3603250563879286	5.0
-36.3154606539206739	51.8532618816593214	5.0
-34.1666514528057306	46.7149204851486815	5.0
-41.7787638879493741	48.0049570904839271	5.0
-37.7548168903494670	51.5128395167723312	5.0
-43.3498045177200737	47.1404019634000946	5.0
-41.5885959592905792	50.3481657137316532	5.0
-45.4455195236986214	45.2647135443661028	5.0
-40.3372024441688808	49.4645951886533339	5.0
-38.1621363255335240	46.1939754475158679	5.0
-40.3890436796773002	51.9848541278424392	5.0
-40.0296450518927500	45.6872502080738414	5.0
-14.5661329276434870	52.2252640715439114	5.0
-39.5139574109720257	47.2473206026266013	5.0
-40.1198480958523618	43.1664131913974387	5.0
-44.3881340742828883	51.2155999757994422	5.0
-22.5149455531614677	37.3409988456887021	5.0
-23.9729879526650258	34.4981545734075468	5.0
-41.8286025000915274	48.4674168623702499	5.0
-41.7766181103676359	49.4996438907433145	5.0
-7.5067215535365728	49.0021927677049760	5.0
-43.3503790053186506	49.5638581221275274	5.0
-17.1221075642532270	38.2158843396525896	5.0
-32.0340219996053008	48.4232567033240855	5.0
-39.7363470208371368	51.0216958795575408	5.0
-36.5581017106626689	49.6632520230652830	5.0
-35.7227233153534272	45.6352005091737851	5.0
-39.1669347424702678	50.0761602934441825	5.0
-43.3127786197434332	51.3779195773577726	5.0
-40.2352718491258230	46.9157491177636743	5.0
-15.0623704992796785	52.2895543910604559	5.0
-38.4365818744972216	47.4849628948040561	5.0
-29.4509777050667410	63.3396050864212938	5.0
-33.3724772988518268	45.3006793808584405	5.0
-41.8940839875232882	49.7330617676838997	5.0
-39.8570691790912264	32.7548914974018075	5.0
-22.1120149545949651	27.3083920069580977	5.0
-34.0879436109764384	52.4314170741603576	5.0
-41.1185317528635466	51.8124129846811741	5.0
-36.5622260038807951	49.0708035008809063	5.0
-35.3288984666709851	46.8275616118878091	5.0
-36.0004139413943989	48.5445947151604997	5.0
-47.1067352992612456	47.4006884620838633	5.0
-38.6943374618043947	51.1271936291202920	5.0
-36.0199758615030845	40.7436940523946589	5.0
-34.2723133488491953	44.3826865318143220	5.0
-34.4518211407969659	49.2325240784355174	5.0
-36.8865507671112880	49.9457873389001463	5.0
-40.7122052197197632	47.0709975383243204	5.0
-42.2726824669182051	45.3088673204557821	5.0
-39.0640009151837830	48.7259674077675413	5.0
-35.8236713565001565	44.5099756431797289	5.0
-36.1369286720211136	50.6569900127103168	5.0
-35.0325466689987621	44.2061384606563195	5.0
-38.1560044640646865	45.4512869796156167	5.0
-32.7082443120432202	46.9490085114531439	5.0
-37.3903783056975456	45.8183979959441672	5.0
-34.9079029963034131	51.2098874626604541	5.0
-37.6790906723875239	51.6202718306357156	5.0
-32.2457344077808443	45.7293441825403377	5.0
-34.3149214046148145	49.8388586181333153	5.0
-18.4080024055297784	51.7600371184551946	5.0
-27.4712958350843266	22.4614735042970217	5.0
-36.2309094758268913	43.7363536811333873	5.0
-44.0381790005640283	48.3374254481451615	5.0
-33.2992455305874415	47.2842492087385580	5.0
-33.7137825559601936	47.8870909479575033	5.0
-36.7318384610702893	44.9706782207297167	5.0
-34.5603035476249829	46.4612590061890316	5.0
-37.7019019275439291	48.8328411979097723	5.0
-32.6237049949318703	49.2176633209024956	5.0
-35.3086286141222132	47.4412618131805317	5.0
-41.7260639958761743	45.4867970491750953	5.0
-33.4293186266288558	48.6922814885900905	5.0
-31.1456483787713587	44.1279505161250682	5.0
-30.4690526834597577	52.7487532913324699	5.0
-38.8043517964213294	46.0861726339559041	5.0
-37.7676126172563826	50.3505884087563160	5.0
-39.6573000209915705	52.7263647436579035	5.0
-37.6059258336892270	48.3248301753343554	5.0
-33.3577741608860023	48.4376168985377475	5.0
-38.5009501563452048	50.0334402119694559	5.0
-37.8798727959235606	49.1609163274621466	5.0
-38.8357628977487437	47.6842898920305203	5.0
-41.0207493114102988	47.0652703078702572	5.0
-40.6653148838522895	50.6087568983759155	5.0
-42.1207205605620132	47.2409361010657776	5.0
-40.7634914879117431	44.3606375794569345	5.0
-37.0679583971126121	45.1472704618702352	5.0
-37.3886942984974553	41.9540560737054307	5.0
-35.2916894880686911	49.9238560404349130	5.0
-40.2981453613946528	47.6889085039197340	5.0
-37.2756440807355673	52.7877819683241114	5.0
-40.1161547644873124	48.5400502036702832	5.0
-33.5847019793194121	42.5271208400136516	5.0
-44.3128414266509409	43.4538825498072327	5.0
-38.6426646870147437	49.8934178647112319	5.0
-31.8494899663655922	44.4635076827344022	5.0
-36.1508823690057426	45.6313207518236155	5.0
-42.8863742271940893	51.9349251995413610	5.0
-34.2116609973112418	46.0108384360305536	5.0
-35.3106944704056218	45.1319215507620868	5.0
-37.8918530733590089	47.1848665801514073	5.0
-15.3272955648846825	52.4012221992359670	5.0
-27.2861308927068897	45.4324498405398032	5.0
-37.9485889040359936	50.0039306953208254	5.0
-37.2684931001131190	46.5215380811130643	5.0
-38.2990757224357310	46.1310360169389142	5.0
-38.6619374829950218	47.2417973183981914	5.0
-39.0683757770374598	51.9849930942279954	5.0
-37.5119364365158603	47.9396152491092948	5.0
-35.5031960053386797	48.3615258656812586	5.0
-20.7027815368730117	22.5898104658345105	5.0
-36.3575568620409371	46.1127049390765933	5.0
-22.5351776648861453	30.7407965648927473	5.0
-42.4028264114779532	44.8128679543875705	5.0
-30.1402398984769206	46.4130483983853210	5.0
-28.9618103268115767	50.8893516530175631	5.0
-33.3177439221496741	45.3202780252811550	5.0
-35.8143455604933436	40.2057129439551773	5.0
-42.1432889364412517	46.3905457554255349	5.0
-35.6702130711436496	47.9989695132181424	5.0
-34.8485581601530754	48.0525992317277115	5.0
-40.4386934491621588	45.1858249164518355	5.0
-37.0043724516541488	43.7604081565310210	5.0
-44.9491862560170716	28.1917196101745127	5.0
-36.3586656423419186	47.0209321136836564	5.0
-30.2120671328880306	44.7480257462829627	5.0
-36.8108956993714784	50.5740631283272961	5.0
-44.8107812561192560	47.5218613371540428	5.0
-1.4949937026521307	71.9266414352514687	6.0
22.1485389655791884	71.0510756829056902	6.0
6.6861525796727275	69.9977373448243867	6.0
0.3862323695047841	73.7678514138976027	6.0
-5.2329541784593676	69.3282197529403135	6.0
1.2391911337255597	76.5951309846688559	6.0
2.0248103386110663	75.2686927075757950	6.0
4.0153436703504495	73.4597530397960554	6.0
8.7208555270514818	70.5034279477808639	6.0
-0.5637111970959480	70.8058590331217346	6.0
-4.0438059336034655	68.5945322090000644	6.0
6.6505664493091396	68.2781390548074398	6.0
-0.2069725579114996	40.3064380742135668	6.0
-0.4156341067670298	76.0942853806649140	6.0
3.0820900798450843	65.6480451460843568	6.0
0.8952262741271424	71.3234625629309704	6.0
6.8783911283052612	71.3550302776745156	6.0
5.0343496697110561	65.8771495819738959	6.0
5.5761854402083619	74.5365310790511160	6.0
-4.6471917621595074	74.1214481453579737	6.0
2.8307521031262568	68.8602656754664366	6.0
0.5623499204154626	69.8516953093089938	6.0
1.0672194265207156	68.7830081035234855	6.0
7.0887176278179416	71.4370858948809513	6.0
-2.1563809905893754	68.9245793382551994	6.0
1.1565237940482767	72.4636641430567465	6.0
4.3068065835674378	68.9449276736932717	6.0
3.1410354679131345	70.2436543650034935	6.0
4.0267088293414508	68.7173723993708876	6.0
21.4390583336434659	56.9284919656505011	6.0
2.7659463340253954	72.1462992604464546	6.0
0.8079277752561108	68.5383754519678519	6.0
20.2818394882342545	61.8676623862006565	6.0
3.4848252470323553	65.1696516141585249	6.0
22.1168477132881769	71.2533379266911311	6.0
0.8140999802668498	66.2592583170784053	6.0
-5.1985543053471135	50.6742010111880319	6.0
4.9351825860873664	72.0103332342907123	6.0
-1.8074524275488100	67.6880140523614955	6.0
4.3589765855000229	67.4796605128045428	6.0
2.6451640571556840	72.8335013870309922	6.0
2.2003756851373031	71.4950744232550619	6.0
-1.1660284105807179	73.6726953620996312	6.0
5.2271818328220956	68.0781983125978059	6.0
1.3933192136078909	72.4726086159902678	6.0
5.9357937232084073	70.5237289676835672	6.0
5.1756250273393372	66.8589241031393584	6.0
-2.7796247804629526	64.2931614547671018	6.0
2.5961132789564418	67.4655392696371905	6.0
4.5439305059226642	71.5588774291203151	6.0
-0.6787286260475379	69.6805045531843916	6.0
-6.8097030858062793	69.7997515859446906	6.0
-1.4101927463704693	71.5054635534512641	6.0
1.9002036889793230	74.0672797798240765	6.0
-3.6295126125198198	66.4614296126318180	6.0
0.3467136444433330	67.3289000346326105	6.0
2.5756940758268008	61.0090864073488035	6.0
2.2740044296819431	67.5508968178502158	6.0
4.3515707872182272	66.3905499687434570	6.0
5.2252857123909751	69.6651437913718325	6.0
2.4465968388024510	67.3513511267344995	6.0
5.7755210652858748	64.5323421457239021	6.0
2.9730909626643678	70.4069420413433278	6.0
-0.2257855394200358	61.0744490943811513	6.0
6.4400953499901030	66.5571624805769204	6.0
3.9224316754494279	64.5023997135211005	6.0
2.7031555941228369	61.3612591818274069	6.0
2.0769673188854969	70.6037432943505081	6.0
-0.5902450099412696	68.0823924483781440	6.0
2.9025558810682801	71.1870207460957403	6.0
1.5143200133116632	69.4901645569696313	6.0
4.1282576136987341	68.5643067410536560	6.0
2.6377897241123556	76.0354793898921031	6.0
1.4447403126698302	67.4200934987597833	6.0
-6.1667973246253185	68.0375851257489757	6.0
-0.2925635179539725	70.2980409576309171	6.0
4.5860333499973098	72.6620921212507795	6.0
3.7191590193859381	74.7839360035105187	6.0
-0.1532307948723576	70.4278330648192110	6.0
1.4386747441179903	69.1281880394092951	6.0
6.5070349327213259	66.3599640515879656	6.0
3.7642398595576103	71.9726602762196990	6.0
-2.5058148049086224	70.8878427076094511	6.0
4.2019173741729769	69.7906071103627141	6.0
3.2007700438712314	69.4128953703746134	6.0
6.6662769155006085	68.7508554202303372	6.0
8.3668439544434765	67.3375914561504487	6.0
2.6100277920246655	73.5931602288355151	6.0
-1.0220155389647276	72.9569222549494327	6.0
4.8429466910259773	75.9367342402923811	6.0
1.4561524149578620	70.6198044671604350	6.0
6.8735424967610106	73.7193937239473769	6.0
-2.4058592672721963	67.2430281191385575	6.0
2.8081123855737342	74.0958782256580406	6.0
-2.4615297117254200	71.7178298641042176	6.0
5.8576829132150001	69.6082219127104906	6.0
1.4167923032414549	74.7672799023258392	6.0
0.7625967596147878	70.8735355230765691	6.0
0.8422030167957538	72.6724188615092856	6.0
-1.3868625026527277	69.2908471602655425	6.0
3.1773608032554330	72.0253562502167171	6.0
-0.7219824816000737	65.9915450714421326	6.0
0.9863987699935272	68.6472088844446233	6.0
-1.0796442442456717	73.7748314716365314	6.0
2.9242235000207337	67.0371361380178428	6.0
-0.2551338276452332	68.3794752591688706	6.0
1.5724850845311484	70.2825368449827153	6.0
-1.2476591689090044	68.0006474904002403	6.0
4.5200492482989585	50.5443731209528622	6.0
0.6174049418727401	67.4422221867442175	6.0
0.6048118328812667	70.2788889905744867	6.0
7.8140438108841206	69.1933009830127901	6.0
2.4011494047162762	68.3855767624942814	6.0
4.9220903585097293	68.1599317519719818	6.0
0.0376739333125746	71.5402625876090781	6.0
-1.7360184359767705	67.8366149739339761	6.0
4.3658962669389956	70.5424878832991595	6.0
2.9701832522750391	70.8154609325383007	6.0
3.7194991951617746	71.2480526410382282	6.0
-2.2099429756115327	70.3926141368051219	6.0
4.2933238408205101	67.0628459521568487	6.0
5.7881666066543165	67.6853332044758815	6.0
3.6469555037789578	73.3583961505174074	6.0
1.1642034297306316	73.7774945290538824	6.0
0.5040015443817965	69.9853612642098284	6.0
19.0519716504402439	61.0710970875347812	6.0
-2.4470568853393573	70.7157058376618579	6.0
5.2216956450528746	69.3245333453484136	6.0
-2.6034190564226174	68.8450429878733701	6.0
-2.8961768291828229	69.6039203553277872	6.0
0.9832175838591974	66.2931940461978826	6.0
0.2611247592329623	69.1725674924818605	6.0
1.9081464239012411	72.6597456882414150	6.0
5.4029117903815829	70.8385356040488006	6.0
1.8078098312330464	69.7964624201963062	6.0
-2.5601224942150225	73.8049657095951375	6.0
-4.5034679867710432	71.4774607374712616	6.0
6.3497398127472024	72.6608518224230977	6.0
2.1985776593844775	72.7683769191986869	6.0
-1.4766155417479863	71.4262083350949979	6.0
3.6476084491140104	45.6487723606196880	6.0
1.4027369598515200	74.7414883056567447	6.0
1.4668428254677592	67.9648377034576612	6.0
-0.3300590681941404	72.1591210100809661	6.0
5.2299649517878315	74.0317805596181131	6.0
-0.2159057145833311	72.3857171140439561	6.0
1.0749349237223758	65.1264275847711218	6.0
-0.2822533048723317	75.4002210681810539	6.0
2.4674773194209361	66.2312014417627211	6.0
-0.8175211225326209	67.7202648941548233	6.0
-0.8151809634307555	69.2391762004994717	6.0
4.6153644408601862	69.0366697303668673	6.0
4.6036016592366105	73.5704309687998830	6.0
3.4696192181034884	67.2727371399229668	6.0
2.1020918475347772	68.7104657239434147	6.0
1.5755517243223320	72.5335891544136331	6.0
5.3555740668743166	69.2580490863474552	6.0
-2.0099860881259195	72.5211224438926081	6.0
1.6317362901436105	72.5308666577838324	6.0
-4.0549603351523293	72.8352277890764270	6.0
6.0087972785883643	68.3921263313358452	6.0
-3.6467380431667347	65.9810172197023945	6.0
-0.1981318521709457	69.1891223608027417	6.0
-0.0315821584144847	71.7187674171423311	6.0
3.3420679001368612	67.7144543318622993	6.0
5.3047950195951161	71.2097335719184912	6.0
6.9049771110863194	67.0881564348217552	6.0
2.7759675122883070	73.7112361876659890	6.0
2.4518236788722825	69.3102544288614695	6.0
3.9880883115841907	72.0511954202940501	6.0
11.1584245960976318	43.1790619458795248	6.0
-0.5678976256721709	76.3763045280579149	6.0
-0.9087088955593071	70.4049140753584908	6.0
2.1095297627646490	70.0481662267691974	6.0
3.0832505945352162	69.1193611992054855	6.0
4.0705219493368476	70.1946011702555239	6.0
5.3546004946241448	70.9425590811870421	6.0
-2.9582631394193211	75.8094550717930815	6.0
3.4968929167753107	66.5207150300318517	6.0
-12.1430498809267728	50.9421662818137264	6.0
-0.4897833634785489	67.5824313664003995	6.0
4.1281610490225029	71.5298616160629308	6.0
5.0924839236909198	73.7212696892662791	6.0
-3.9723702489322608	72.8380824216873890	6.0
3.6882786817966884	75.8442242665308868	6.0
4.2911331190021169	70.4628072490202442	6.0
-3.8100704680344779	70.3411432796591356	6.0
2.8889434052397980	68.3050564741727015	6.0
15.1386451433444318	46.2841048826360861	6.0
1.2522795620700247	69.4486818737819789	6.0
-6.3572089992633991	68.0825668179175523	6.0
16.6109950469949261	59.5688665672094189	6.0
4.0523240894987378	68.0366219335835751	6.0
3.6405916502132136	66.8205385782447223	6.0
-0.3547397395362007	75.0090500216135752	6.0
1.2594336331869334	71.3449564900771946	6.0
0.1610262639866295	72.7020697891283163	6.0
4.8029718445812959	72.7199465906264209	6.0
1.5166938724030978	66.8472230620027261	6.0
18.7221677491830825	51.5250093645678291	6.0
9.7558362215344996	6.2150382080070106	7.0
6.0427793430245185	13.7530423687862360	7.0
6.3550436251164824	10.3972028558378042	7.0
8.1557770068624578	7.0311489382198733	7.0
-0.8011172420030674	4.7842519623138413	7.0
4.7006101691341913	6.4398881647975452	7.0
1.2881850268185562	4.4693934255488008	7.0
7.0191449297029589	7.9589095967645207	7.0
0.5851444245731829	7.0320463410057403	7.0
3.0739255692213794	6.7108950228867164	7.0
3.6819414167887032	5.8818200171646238	7.0
9.9878770844955405	6.2852622747610658	7.0
2.5529626055187880	8.1316802495515095	7.0
9.1489446825183567	4.9469350709348276	7.0
4.3603124373165985	7.0897209704354589	7.0
4.1289089043164831	4.5869271973741563	7.0
1.5255145666308960	6.4537181871136147	7.0
1.9453887547502846	7.6439802461962696	7.0
6.1860364386764823	4.7082521474011241	7.0
8.1706135810925566	8.9761052882447174	7.0
6.0541484951366744	6.2190910971345934	7.0
6.7650052697771121	10.9536332093359992	7.0
8.9391303191538558	12.7449414784392712	7.0
7.0798717629828856	7.0246478808409005	7.0
6.1769236436154005	9.5422577493396705	7.0
5.4816380441451660	6.3636757281049352	7.0
8.4359331970538562	8.8452160281503645	7.0
0.3919661609128081	7.9631773929226624	7.0
7.3162066783999551	7.9100112857267506	7.0
0.8953475462643130	10.1814953868056275	7.0
10.3276487090273754	7.5689942573188489	7.0
-4.8890752271654438	11.1463051254377934	7.0
5.3935610861120553	7.3727641071092895	7.0
6.9770664433454899	9.8216680081400067	7.0
3.7401202788174142	10.1798764351041537	7.0
6.1189749486183809	7.9726696138870032	7.0
4.7243231224576894	8.9610166356758310	7.0
5.4073948343346379	4.9533438687643070	7.0
0.4206677037913800	5.8151176650970777	7.0
8.5645697297354850	8.4184893507273912	7.0
-8.6752826251218007	13.4241257898670980	7.0
7.9843936074435220	5.2318332133102938	7.0
2.6203382249718725	7.1334114817611578	7.0
3.3921590004599023	7.3300628565104891	7.0
3.7983479767625794	9.5322667265998753	7.0
5.0188109926954105	5.7261724682222299	7.0
8.3304744894531826	6.0426264665740863	7.0
3.9254590745015143	11.5321868850205416	7.0
4.9166328941796582	9.2237406716655634	7.0
6.1733765334559214	7.5753347791288448	7.0
6.7887335412009744	6.7153566273341383	7.0
7.0417823314350194	7.9555157939188179	7.0
5.3604031525268194	11.2784593362983880	7.0
6.3285562698898570	5.3672834288959130	7.0
8.7145550985052882	7.4521898860126354	7.0
8.6477272151903914	11.2601067022205310	7.0
3.0318231822614421	8.4174426716653716	7.0
4.4780925403651937	10.7873974240581152	7.0
11.4068567508650442	9.5779061322944692	7.0
7.0778746893092084	5.8032438195207732	7.0
3.3665492343363952	5.3734846056211856	7.0
9.7969057020189627	9.3977628367070576	7.0
13.0765091038837529	8.1585572432515150	7.0
7.9422130800836479	10.2431433238300684	7.0
10.4116720922703188	12.1682605926395802	7.0
7.5406729986236138	10.3597769292089676	7.0
0.8210710519006630	7.4678449850861952	7.0
6.2432813792158592	9.1810978506226242	7.0
3.9389676193137233	13.4062510632251985	7.0
0.9313328869597629	8.3707300710476371	7.0
-2.0254255270342094	2.2404889580596556	7.0
5.4587727136673951	5.1307167771500000	7.0
3.4833705411875973	-2.3066951987774522	7.0
8.3209329814889017	3.9172530157830563	7.0
1.7225556522779171	4.6051136322717667	7.0
7.1681037039883719	11.3930082189085589	7.0
13.1237013237205904	11.4706869735013317	7.0
8.6480970923071325	8.7904768969455898	7.0
6.9680392044492816	4.5604631380479770	7.0
6.2357339362834123	11.1048238561689576	7.0
-18.0677630919856504	-18.8084452638054742	7.0
2.8811271829794047	9.5261826137566707	7.0
0.6628551877887705	5.8790537998848640	7.0
7.8294378049508611	7.1246155362062789	7.0
1.4754790865967453	10.1016769400239923	7.0
2.7323619475896521	11.6063342595944849	7.0
5.5526275714791371	8.5733187870692777	7.0
2.0812288742277905	7.4457138364037769	7.0
6.8998807591324489	11.8499505559325673	7.0
2.8631238131966885	5.1132263227221930	7.0
8.3927475275721655	7.3630626457593813	7.0
2.9620563821810006	9.0843685583176690	7.0
4.3446117672149347	11.5668146028560948	7.0
10.8012718472457365	12.2022733150311815	7.0
11.6517823405939414	9.4529423439185774	7.0
3.9838600164992739	12.6847796861414839	7.0
10.5224081974190344	4.2373418551413895	7.0
8.5859213694217775	6.0552248248737337	7.0
7.8698979904167192	12.1932479691756530	7.0
7.6842147475724643	6.7122205782469067	7.0
-10.1775752627278795	11.6325881271751879	7.0
6.4412427560765675	2.8471392123993642	7.0
7.6081458431520312	4.3077434633139697	7.0
2.3472217080156277	9.2241026574720362	7.0
2.6117494158772234	11.4191434209263587	7.0
7.2017338896985672	11.7536682655212861	7.0
4.6179429171271966	5.7559445476737565	7.0
3.6901228849497478	7.0336514056748207	7.0
4.6134900855595777	6.2268599376279665	7.0
4.8393515518491199	7.9038473195429129	7.0
4.0524215793665563	9.5531604061003552	7.0
-15.1988656408664831	0.0392461765530737	7.0
4.2991655536698392	6.8091950759344808	7.0
8.3087422499672385	10.3654337488232429	7.0
4.8844884708197203	6.6177703980167122	7.0
1.9440969232398062	13.9789997760692000	7.0
1.0019609072454934	12.1986268879145214	7.0
2.1418252065716366	7.1418139872366719	7.0
4.3146047836924328	8.3439192637329693	7.0
6.1089627207972574	8.8824181870224557	7.0
5.3632555295098951	3.6117084652053122	7.0
10.2694294014820109	6.1578663709553858	7.0
0.8030426545665564	2.3663936960244869	7.0
-5.6845916216080097	-6.4190220020623112	7.0
1.9745090840097494	5.4655203627911275	7.0
10.3165520889753601	10.6777580739087377	7.0
-1.2841333571275715	3.4658610593431196	7.0
10.7294823330403517	7.5730218194177210	7.0
5.2261725511007713	7.2995500206403419	7.0
4.4145778614898630	7.3005759848758158	7.0
2.6103959901395570	11.1920902756012808	7.0
4.1690165012957463	7.3826993356507655	7.0
10.0286283034560615	7.6349585396631801	7.0
6.1769991733357346	8.7712696751551817	7.0
9.1969623977264838	7.5094009769709418	7.0
4.0902358536234038	11.1770632840222035	7.0
10.3159691999259184	8.4587531837210754	7.0
1.5390117605523559	8.2985058342913156	7.0
4.0830918598347878	10.1236529567896500	7.0
9.8929065831658161	11.4410146158160089	7.0
5.9275103111916980	12.8598169103516469	7.0
7.6355067349363122	5.6592722353355640	7.0
9.4880019490891812	11.2669902887703497	7.0
6.8832317124395184	7.1422918350509885	7.0
9.0132951883767127	11.8847437374193312	7.0
8.0175977142524442	13.7604957730755419	7.0
7.0008423072905774	3.4811302086540010	7.0
4.5362087848784531	14.4995153765643092	7.0
8.0980683757052496	10.2864898891221550	7.0
5.0158673412466825	10.7205718459936357	7.0
11.7918383693745916	7.7707566796502565	7.0
4.2175554698546227	3.7257370904742433	7.0
6.8586591919889610	5.4549234305124479	7.0
7.5796740260893616	9.2566349953767588	7.0
0.7888854003911185	8.9294012497554842	7.0
1.9028510242853713	13.8930927905685540	7.0
2.8197929460765216	6.1062255570487336	7.0
3.5838899726966220	8.0559299388901895	7.0
2.3533507000751066	10.1435134050878784	7.0
3.7218326946029534	5.8587725772632959	7.0
2.6881379962317182	12.2884169586887957	7.0
4.3179276547479999	3.5929173408690112	7.0
6.5593431907877955	14.7360324419092272	7.0
4.9190221663172018	5.0542541234596161	7.0
2.2820845444674696	3.7074376099592703	7.0
7.8023749097308528	8.1943347238486268	7.0
4.7271856832548673	8.7611698584467099	7.0
2.3422011717716935	8.5301873456547153	7.0
6.3169609238967315	12.1212642293686077	7.0
7.1724173103220163	8.4498552639051816	7.0
3.4203476341662675	7.8505752352900258	7.0
3.3351352731263795	4.3546573094638834	7.0
3.6794071920293550	8.7112569196576501	7.0
6.8603926738826697	7.3195201287789828	7.0
1.8431710556822405	7.4926141167756803	7.0
5.5089283009556596	7.7286862706091135	7.0
5.2341686110952548	10.8308805553624481	7.0
4.8836518918165810	12.4768960335363186	7.0
5.6135440156593335	6.6256427901944281	7.0
7.8878890748159218	13.2693074373986803	7.0
2.7346017499145518	11.2679451614358932	7.0
1.5077618766061638	11.0891728780727465	7.0
11.6036481026646996	5.1952353312767698	7.0
2.9879947541504182	10.2017847017119525	7.0
5.2002956296020511	8.6833413661520122	7.0
-14.3182938573741527	2.8773812336365179	7.0
2.5193556319508663	5.4444593055659141	7.0
0.6926640899238066	1.8887742816620323	7.0
3.4711850972201308	4.7690663101862940	7.0
6.0514726905731315	10.5982416953642549	7.0
1.5448893198216773	5.8573486416816394	7.0
1.2447382846296140	10.2260455086185189	7.0
3.2704410120727219	6.1978984663580166	7.0
9.5157265955882693	9.8625054741554532	7.0
5.9329018727897305	4.4705657186539129	7.0
2.5823766155629375	9.5236985696695502	7.0
4.9639673013048684	9.5626472901078454	7.0
5.4906249702700132	10.0308953208490799	7.0
7.4725400787513854	5.3639168379730462	7.0
6.9941381569162981	9.6658050249598375	7.0
19.7877695021978255	-13.6840984007321005	8.0
39.5457389087577127	-38.1872579862723427	8.0
46.3044481499738581	-39.9360380244445849	8.0
37.0303199370375822	-38.4374838091046556	8.0
42.5554440351194785	-36.4559532389095438	8.0
48.1900384169612437	-37.9172697893328063	8.0
39.1185741479638054	-37.2523631421533139	8.0
41.2791867806314698	-38.7045155230813194	8.0
36.0667312199695473	-36.2275655343875016	8.0
41.2842636719278460	-35.2320492850610947	8.0
39.7582539968015993	-40.2881943348591349	8.0
43.8775432255636062	-35.4623352615916332	8.0
42.0225531810101387	-40.5421885053569042	8.0
45.2578382452658161	-38.8912108447822575	8.0
37.4216369443907197	-38.6424615656788006	8.0
40.7532939223031505	-37.5839864813668854	8.0
37.1963266935302812	-39.3614427046408295	8.0
37.8954352717647680	-40.5816545053360613	8.0
43.5930808144468713	-38.8284978685679292	8.0
46.0427974315917083	-39.6227232448970810	8.0
41.6114727331470746	-39.8816048984379208	8.0
42.5976739952703767	-42.9475104479328920	8.0
22.2218379366755805	-23.4189418779542144	8.0
40.2764423682963866	-35.1795755922783471	8.0
39.9506396737728693	-40.3913323809864124	8.0
40.1346512527611878	-39.6382228540494381	8.0
40.7690026783094197	-38.9697804312703511	8.0
22.3692282446949307	-25.3078564844109017	8.0
36.2322122029887623	-38.0223072711992174	8.0
46.1687633409941114	-41.2724812154393135	8.0
33.6135377723749968	-13.0578859392975346	8.0
37.9110130919927784	-42.5364571249257111	8.0
40.8424754603586067	-34.0053480797156809	8.0
42.4770283349190692	-37.7191786805561122	8.0
42.9916548283400033	-37.5843424573716973	8.0
41.8931617079593011	-36.9636282056630918	8.0
41.2735488611996857	-40.3467569427833652	8.0
39.0739492948689744	-43.0815937968226308	8.0
42.1783632225628722	-37.7858663469629832	8.0
39.6736881235559267	-41.0721547901329984	8.0
40.8141820673070015	-37.6691243340548070	8.0
48.1612929370096907	-37.9056449141727896	8.0
43.4907141073092802	-39.5607620316075668	8.0
44.9712716844799942	-34.7651081997148879	8.0
37.2960237778610377	-43.5046709585962716	8.0
37.7582028537248249	-36.4300838156077518	8.0
36.1890701080448878	-36.1498484505226685	8.0
40.3859593469555378	-35.7551378384420531	8.0
42.3616457330297180	-39.2043075607467983	8.0
41.1691137156462119	-42.6678183501671384	8.0
46.7580303914923192	-37.8465260494671796	8.0
41.3549085839312838	-36.8618924000661892	8.0
44.4136657241713593	-36.7808079744161844	8.0
39.3906441817826618	-40.9010581529337642	8.0
43.6505778084874621	-35.9844313859680653	8.0
36.6599458059934946	-41.4878844023819084	8.0
39.5495465607632966	-38.6379682506838975	8.0
40.0099897358031242	-39.3218477902039751	8.0
42.5623666484116470	-36.0444412499919196	8.0
47.6268847560156132	-20.3015251378995600	8.0
40.5426092660741944	-41.4230886312779560	8.0
31.3490781555579296	-15.4270261711133561	8.0
44.3419397038515442	-39.7283855660425047	8.0
47.6119299094092483	-20.3333005036160905	8.0
46.7949492528593041	-42.5758374462834936	8.0
44.8805258672663712	-36.8713672085394251	8.0
41.1264077000524750	-38.1098933631809942	8.0
42.4857253515454119	-43.6939129465689859	8.0
38.7590167303734603	-35.4880784322019878	8.0
39.7289572032110314	-33.8442398011564549	8.0
43.2151300608810587	-41.2441392356817147	8.0
45.3064842347077246	-38.7553717142984269	8.0
43.4320248502141126	-36.2964368604520899	8.0
42.1927624011993387	-34.4733736302808822	8.0
40.8040119963461407	-33.4302097308528801	8.0
46.8607888976114282	-38.7715997834689148	8.0
40.9763057643216229	-39.2029674195421975	8.0
42.3218695219514629	-42.3614178675029507	8.0
34.7581125787660667	-18.6533810775174622	8.0
43.7331995288516211	-35.6307518281679521	8.0
39.9654073962560759	-41.9730633551804573	8.0
44.3671661733865506	-42.9065940282212495	8.0
43.0915006135504157	-38.4730067670798874	8.0
43.7348141825675967	-38.7006756950856001	8.0
38.9886327520924070	-36.8219954370746123	8.0
38.4832129659701820	-36.3917262908644616	8.0
45.1461780293522850	-39.9938131330319138	8.0
45.0459341111919116	-40.9313303918514180	8.0
45.0870958613388666	-38.1249087770000301	8.0
37.7254585455643223	-38.2859452449562170	8.0
39.6294072144352896	-36.8602563726748755	8.0
38.7685392481341182	-41.8534801693879999	8.0
42.4605830159949136	-42.1959104020710640	8.0
39.8477102560010223	-41.2104065371711030	8.0
41.8524041323607960	-35.6521921696723396	8.0
37.9387263201307263	-28.3098069465075355	8.0
40.9538038113240148	-36.6668472186477956	8.0
42.3804525415204623	-40.4082637450791538	8.0
43.3954076552981576	-40.9593180403102508	8.0
39.2544087066352176	-39.9864684198622413	8.0
42.9286125935704490	-41.8576069992737985	8.0
44.2611726773153364	-39.6700555549168996	8.0
41.3914258694117478	-36.0564013011539259	8.0
41.1342393572181209	-41.5863851705371275	8.0
36.3014969884133265	-37.2392506461910884	8.0
30.4020175234487873	-5.3415054180197608	8.0
41.8782479661283702	-36.5853421167581487	8.0
40.3935018875018983	-39.8447390648675039	8.0
45.2604167066876357	-35.6395042645527056	8.0
38.4188955436952710	-37.9810221906874190	8.0
42.2407177774128684	-32.9272359478979695	8.0
39.1352691341521108	-39.1523395988384877	8.0
45.8141363605819194	-37.0233396097678309	8.0
39.5924128988436337	-34.5446477648234946	8.0
39.7157668688607899	-35.1813363723802297	8.0
47.1174419018664778	-35.7744797701223476	8.0
46.9663436006678623	-35.7476243081288629	8.0
33.6957294454236447	-20.9465631197248108	8.0
39.3622871419140523	-36.1110045732355402	8.0
41.2039921549870272	-44.9424686564709646	8.0
40.1018392435348900	-38.1858256653757451	8.0
37.7261225782382112	-40.0128396875698229	8.0
49.8709881124498793	-39.7839112170192877	8.0
39.5994192772311138	-35.7917381593006141	8.0
45.4125856850080538	-36.8197990407737734	8.0
41.8462834681839624	-35.6836514017470776	8.0
37.2326984383197868	-36.4926387569376445	8.0
41.2976596097811282	-42.5994544213432036	8.0
40.5231733141357040	-31.9104318897043058	8.0
43.7802325485515098	-32.8546438512641714	8.0
42.5570861829015215	-37.8408583489252095	8.0
41.0438577441352166	-36.1528804979867857	8.0
38.0089257705627830	-39.0408598547117975	8.0
38.7218648865307387	-41.0407576284774080	8.0
42.5036195318929799	-38.6408011617219671	8.0
39.1276050070120434	-36.9078206940332478	8.0
37.6046062687654299	-36.9575892266721695	8.0
37.2527781292457902	-34.8999888565294256	8.0
38.1293451819073539	-38.9254980657606282	8.0
39.6402696260233895	-35.0969762408117489	8.0
42.7451287772381434	-37.0811975634275655	8.0
42.4029503097186549	-35.2743645931438579	8.0
37.6189137579785111	-35.6295357449407959	8.0
44.1705222099588113	-41.2962553776081691	8.0
39.9441877511018504	-37.5257923068330044	8.0
40.4804547408358104	-43.5474985106902821	8.0
36.0550983384843704	-39.5241993379589545	8.0
37.4417977869408176	-40.6803175890186637	8.0
43.2462266831917503	-40.4827041939529053	8.0
45.2561427784630084	-37.4785939875140741	8.0
40.7833968380183762	-37.6458887265905915	8.0
44.6138638855919467	-40.4808873263338640	8.0
44.7138931643314734	-44.2675031885600276	8.0
37.8242659128291407	-33.3242567425371163	8.0
44.1148246261385779	-35.0662816597859006	8.0
39.9289161046200292	-42.4882450914296186	8.0
44.2441445556697559	-41.8134677254794127	8.0
40.6987209894762572	-36.5441208953627026	8.0
39.2454740703697027	-37.3703911241942137	8.0
43.0467483150386485	-34.9766196484641227	8.0
38.6639060709304161	-41.9421691285083966	8.0
30.6389147240916486	-35.1744325525445589	8.0
44.3168421704926345	-37.8813367654287774	8.0
42.3341888155865433	-41.1946891180108636	8.0
43.4011706648539501	-33.9299072179262780	8.0
38.4867610406677230	-39.9257467656884373	8.0
39.2016007299124638	-33.0331132872918545	8.0
37.6483130796490215	-37.6061312813679365	8.0
43.5393621846973176	-37.6063987397238009	8.0
41.7526159069193881	-34.0208362990565689	8.0
40.2885070519321431	-38.1854038376258416	8.0
25.3017459233912341	-29.7049697306294185	8.0
38.9320788279186161	-38.1248842405107524	8.0
41.8131220624098461	-38.5441308649229839	8.0
41.3781505518978605	-40.7403804374172722	8.0
42.7325273476327325	-39.8850930134002866	8.0
44.7867044084631090	-38.6962215167909278	8.0
40.4388206587079608	-38.7765192855003349	8.0
42.1822830637482298	-38.8403105622689253	8.0
40.8825956623406697	-34.4832225635036806	8.0
38.3980400348869750	-34.9150122143734620	8.0
40.8711687524749010	-40.0627617010082773	8.0
40.1020624026930861	-36.5761390554373307	8.0
40.4285568031661384	-35.2761651835248315	8.0
39.7026203288753550	-25.3630703776369231	8.0
41.6452348250253337	-37.3647336776040930	8.0
41.5287911975985793	-40.0069041221735233	8.0
45.5276598027954904	-43.6345532455777061	8.0
38.8592398458105706	-38.7260247121589885	8.0
37.9790288703069621	-36.3861817754823136	8.0
23.8739918507791451	-43.1501228498517904	8.0
43.8435851286150893	-36.8100718532080009	8.0
29.9556799428610567	-47.6710801183030526	8.0
45.8975247875075496	-38.4554839886662663	8.0
42.4450785836182689	-35.1162453727250750	8.0
42.2938742274339035	-40.6432237552020368	8.0
46.2451475749604199	-41.4366622863401091	8.0
38.6758632559626889	-26.0109350008958167	8.0
32.0991974785447169	-31.0728697764579778	8.0
38.5155786435090235	-34.7221975359528088	8.0
46.7021548861785476	38.2362377813843466	9.0
41.5119636048289138	42.9371282210456755	9.0
43.8026738547562573	40.5406725247599482	9.0
38.8614960664557074	44.6342972192130105	9.0
47.4484419586285568	42.2076723908430367	9.0
39.4158748262381309	39.6828548215226462	9.0
42.6492281791974008	39.8338948378575282	9.0
43.0611297509547555	44.9681442463728729	9.0
35.8906263836319610	42.5095412739085745	9.0
37.5422816802295145	50.2875354711617604	9.0
40.8123599614392845	39.5801333657283934	9.0
45.8069235191240125	41.7892302963771698	9.0
42.0818770071544819	44.1127477817023745	9.0
33.4203733777239478	39.6002699448877991	9.0
36.3787235875039343	38.7900532102599129	9.0
45.2260817554109167	42.5135330217934708	9.0
30.4475194940478247	42.5920564104206960	9.0
37.7162805907732093	43.7240019077380282	9.0
41.4253058940349064	41.3970096881272909	9.0
41.4325337746763509	43.5684026742695991	9.0
43.3757313664067041	39.4612716953798000	9.0
47.8545888232046153	34.1481345569088219	9.0
44.3308524630007526	43.3342649385025496	9.0
35.5287049463590989	38.3159000076290681	9.0
44.6762752364679230	40.2487829993282702	9.0
19.4587012727015569	46.2293647551985742	9.0
46.3386124001873654	44.1530214371054441	9.0
14.6289856526460582	21.0802871998987555	9.0
47.4857174310309631	26.9674457195875270	9.0
40.6029670826405678	39.5320796985996026	9.0
37.1270481224172286	34.7107865550158863	9.0
38.9295590279604653	41.6106247666706679	9.0
38.7105544546239813	42.2579238485689572	9.0
42.0101692671906477	36.5676369547600260	9.0
43.4100198775678052	41.8596718195958388	9.0
23.8757255752105451	35.7251996835857568	9.0
43.2314413905666086	18.5421496921033189	9.0
36.6387461923315101	19.9862063139825281	9.0
40.6545732339255892	37.3130264965711902	9.0
37.4945448890093971	35.0228658028202915	9.0
38.4327126520449553	41.6327444548699006	9.0
30.3032460736867755	32.9258402443180529	9.0
39.3427281436938969	42.8829408099455662	9.0
39.7249237003770332	38.5830928298151505	9.0
38.2746101568615416	45.1790556350414434	9.0
43.1186502631355921	39.6426655763219884	9.0
38.7659514232646814	37.6919792351795451	9.0
40.0966551660977828	41.7275142079355632	9.0
38.1700870161893064	39.1969323223847823	9.0
40.1042433851841125	44.6970478842063983	9.0
43.1920375261995773	41.0156267554755800	9.0
41.4156761201067027	45.3460376393240949	9.0
45.8394212185896208	36.3117068685150599	9.0
43.0816355877596422	38.0148840296146417	9.0
20.2564092817976906	32.0635708573595082	9.0
32.1985088051364201	59.1773457801247460	9.0
41.5371511514321838	40.6664665649489052	9.0
43.4609663442233582	40.7175661823639317	9.0
43.8675006243693204	42.6843838664557467	9.0
38.4777441766031529	42.9512598337299352	9.0
39.9299076685298928	43.1668837837508903	9.0
44.3463474031465168	36.7249909851809235	9.0
38.8631267071155975	43.6503601870753286	9.0
44.2018890919786784	37.7838839854731958	9.0
38.9816442038675888	39.6056907870114756	9.0
43.0443352493946279	39.8886517310738640	9.0
38.0921837118682518	43.9708711256364140	9.0
36.0407237596802332	41.0458169253892322	9.0
41.6613746929233386	43.0594874044280971	9.0
40.8792323327950626	37.1310963860141854	9.0
39.9846298272720446	44.2353270617679684	9.0
42.3721165028712576	44.1165306002328705	9.0
42.0737953439318488	46.0641558105819726	9.0
39.5125370302881080	39.1842061974634817	9.0
41.4601172670610154	45.2121303473867613	9.0
40.9012732081006121	39.1414688632347350	9.0
40.3288350766834895	42.3462411182589591	9.0
39.7372258227609265	45.7247572357834287	9.0
44.3300887422042322	41.1568966550260384	9.0
40.0409715481257749	41.4356963949671027	9.0
43.9325167665672538	43.6708597679519315	9.0
42.0084200797828586	38.5070775985768066	9.0
39.3207426255628292	39.4377344977174147	9.0
43.8909155170776231	14.8647589695095714	9.0
42.1752685257840554	43.6268666578966133	9.0
33.3820342224605326	44.3108065971784981	9.0
37.1723354702347919	42.9071222837592501	9.0
39.6582668125614930	38.9704331906101302	9.0
47.6128611592666360	40.0588352894592603	9.0
41.4322252955353605	41.8352679483676724	9.0
59.4082988732048349	41.0613312981823526	9.0
38.7080806780149800	40.1300852906003342	9.0
36.1581406955658267	40.2270513427882719	9.0
43.0958227769701807	40.9787278051446506	9.0
40.2477905206934494	40.1705506755011328	9.0
16.8393826497409762	38.1206885138913805	9.0
42.7322715161609352	42.1544718713810980	9.0
50.2784727079435356	33.6408160872645254	9.0
38.7309735276564524	37.1073862515839608	9.0
45.8567591428273360	40.8499816770974817	9.0
39.1964162363338744	40.8332221073154429	9.0
41.5441448848758128	40.3895697139849759	9.0
37.4990971072739043	41.2236196320342216	9.0
35.7008802589667766	39.7631363194636975	9.0
45.4633303984776447	39.1042387098449069	9.0
49.0730858966789043	41.6641932890501749	9.0
46.1127294204978000	40.8906031256928628	9.0
44.2717153752167221	57.8119610879783110	9.0
44.5076807475269902	38.1332907657518163	9.0
43.3495902716637929	42.3817391738441174	9.0
34.7029863479451706	35.8504382111817392	9.0
42.4221469057210783	41.3745587517300422	9.0
36.9967792863256122	39.7988212960990992	9.0
50.3623255581241551	33.4689676840320658	9.0
45.9797607018341665	42.4572093218067863	9.0
45.2051668314942532	33.1149366645620873	9.0
37.6486966619590078	40.6205989574668038	9.0
39.0492103567548838	37.0422109454825303	9.0
46.0477355531644079	42.5386318703730382	9.0
36.5851548416274355	38.1192672366935170	9.0
39.4606571411641198	40.6662345236725855	9.0
19.9496797107189607	34.4837917263882971	9.0
44.0244906655350690	37.7516822584544229	9.0
45.2217848843628047	42.0900928387006417	9.0
39.9244823037004295	42.5539432451745228	9.0
35.7741554806206423	42.3018290710164635	9.0
46.8030013592141856	52.0119768427455682	9.0
40.4000900165622667	41.9727971973229472	9.0
37.4649507531322641	40.0946302609748884	9.0
39.1872347884784276	42.4443363767117745	9.0
43.3693990376563079	31.1149581130773996	9.0
43.2873590366133598	43.5323286670605683	9.0
41.6884121810031303	40.2292517446702362	9.0
51.8881957743206641	32.7714239296533592	9.0
41.4204610218176086	44.5173706959211017	9.0
40.6170256188689933	43.8006337852125469	9.0
45.4795924898046948	35.3284571512032883	9.0
40.6040922765765515	41.0491557724185938	9.0
40.7628317592141798	42.7852415627416960	9.0
44.9349995912950391	40.8489501999894102	9.0
39.8725593838594961	43.7560507553311311	9.0
35.9289272439336358	34.6040334153027658	9.0
35.3525335739995867	37.1251990025395529	9.0
42.1434422698325832	39.2650240055438786	9.0
43.0454451855850664	41.5671207346634333	9.0
36.7956794076116367	41.3477315048287934	9.0
37.2727336053863496	43.5780389059150863	9.0
37.3426902761145598	41.5257185875024462	9.0
40.1260424028925655	40.5035188533098918	9.0
32.9445064591553987	21.9964129068409484	9.0
44.9818842701975043	42.9534301706347605	9.0
40.8626014727480396	40.9699778644100050	9.0
40.7452435148213397	41.3915886696221591	9.0
41.8764646971270764	41.4767604436534114	9.0
40.8924688177617881	39.8173372813696744	9.0
39.6082220748736802	34.8411298921983814	9.0
37.6826766344210284	42.2242766287483278	9.0
43.1501725528129612	43.4308079735937227	9.0
39.6244875845404607	37.6584978665624277	9.0
42.3185085064501649	42.8255956908106157	9.0
44.4965709141977328	39.3894285016067869	9.0
42.7076821019383175	37.9975193027758635	9.0
37.2926506547966881	40.3596591262210040	9.0
40.0473640945011411	40.4819727168987882	9.0
51.4944451986226710	34.6209082377355486	9.0
38.0198122511875880	38.5019979056625274	9.0
37.5948072750029567	40.0002230445830236	9.0
36.6857980597065350	37.9123435790546353	9.0
38.8683843398991371	44.2606573094402549	9.0
42.2786117609514562	37.7654784206533378	9.0
43.3168560939095855	45.2179425242444779	9.0
41.8229707957046699	41.7309828059925536	9.0
37.0976473777808309	39.6040573393673512	9.0
41.5476739293838975	38.6432404836873928	9.0
35.9899009884134671	43.5595221837602367	9.0
43.0352105583620599	36.5943418175825528	9.0
42.8853572630033781	39.7945878902074810	9.0
47.3372777765927779	44.4719765300828200	9.0
41.3349118497083197	41.4418012718996351	9.0
39.3113488430527411	42.3738849858467717	9.0
39.1271787145564929	41.0549299704914930	9.0
44.5459600406970608	41.6686302468250389	9.0
42.2192790702254683	39.5069770218329808	9.0
41.3932729871004881	42.2322499537949838	9.0
22.7196336900912925	36.5968409679348810	9.0
41.4914167353829697	39.5128115793534036	9.0
43.0749594523523385	41.3125780605572643	9.0
43.8103830779409122	44.1192038275796108	9.0
37.4146201605137207	38.1818126954407333	9.0
40.7101465309884460	38.5693090991612735	9.0
37.9727969301296895	41.5748399280204524	9.0
40.0194331349612682	43.6122523711025778	9.0
38.2490599058981786	40.1048450980366695	9.0
41.9646409774951934	36.5161146238691359	9.0
35.4288694351330093	40.7432080897377347	9.0
37.7207379281606592	42.9297584147572024	9.0
47.4075276031813075	42.1564803640380745	9.0
44.0548696147527536	40.0064747305060067	9.0
39.1864163335555773	46.8828734327779060	9.0
41.2923834511380647	38.3449798336715659	9.0
